19
0 83 25 82 24 68 24 185 220 188 40 55 42 31 58 21 304 21 90 
0 0 0 0 19 111 0 251 34 71 19 20 60 29 21 0 113 0 34 
0 0 0 159 0 0 0 0 0 29 239 0 0 0 86 0 25 0 58 
0 0 0 0 0 0 18 32 32 160 392 0 0 0 305 0 82 17 239 
0 0 0 0 0 40 111 23 32 0 0 69 85 233 0 197 0 135 0 
0 0 0 0 0 0 0 141 103 31 0 67 237 96 0 22 65 28 24 
0 0 0 0 0 0 0 0 22 0 0 38 20 36 0 206 0 159 0 
0 0 0 0 0 0 0 0 104 126 22 36 77 32 37 17 213 0 60 
0 0 0 0 0 0 0 0 0 51 17 160 73 50 25 18 99 36 36 
0 0 0 0 0 0 0 0 0 0 90 20 30 19 181 16 307 20 316 
0 0 0 0 0 0 0 0 0 0 0 0 0 0 237 0 45 0 152 
0 0 0 0 0 0 0 0 0 0 0 0 79 77 0 39 31 121 0 
0 0 0 0 0 0 0 0 0 0 0 0 0 218 0 42 40 46 23 
0 0 0 0 0 0 0 0 0 0 0 0 0 0 16 73 25 77 0 
0 0 0 0 0 0 0 0 0 0 0 0 0 0 0 0 86 17 386 
0 0 0 0 0 0 0 0 0 0 0 0 0 0 0 0 0 79 18 
0 0 0 0 0 0 0 0 0 0 0 0 0 0 0 0 0 22 182 
0 0 0 0 0 0 0 0 0 0 0 0 0 0 0 0 0 0 0 
0 0 0 0 0 0 0 0 0 0 0 0 0 0 0 0 0 0 0 
