19
0 65 0 68 0 56 0 168 191 168 34 40 30 23 50 0 278 0 79 
0 0 0 0 0 97 0 228 30 65 0 0 51 24 0 0 99 0 26 
0 0 0 151 0 0 0 0 0 24 220 0 0 0 80 0 0 0 54 
0 0 0 0 0 0 0 27 23 145 372 0 0 0 283 0 77 0 224 
0 0 0 0 0 31 97 0 27 0 0 52 77 216 0 178 0 121 0 
0 0 0 0 0 0 0 132 90 26 0 48 224 85 0 0 54 20 0 
0 0 0 0 0 0 0 0 0 0 0 30 16 32 0 196 0 151 0 
0 0 0 0 0 0 0 0 91 114 0 24 73 24 30 0 200 0 49 
0 0 0 0 0 0 0 0 0 38 0 142 62 41 0 0 90 32 22 
0 0 0 0 0 0 0 0 0 0 74 0 21 0 166 0 293 0 298 
0 0 0 0 0 0 0 0 0 0 0 0 0 0 222 0 37 0 140 
0 0 0 0 0 0 0 0 0 0 0 0 62 60 0 29 19 111 0 
0 0 0 0 0 0 0 0 0 0 0 0 0 201 0 26 29 37 0 
0 0 0 0 0 0 0 0 0 0 0 0 0 0 0 57 17 72 0 
0 0 0 0 0 0 0 0 0 0 0 0 0 0 0 0 79 0 369 
0 0 0 0 0 0 0 0 0 0 0 0 0 0 0 0 0 68 0 
0 0 0 0 0 0 0 0 0 0 0 0 0 0 0 0 0 0 166 
0 0 0 0 0 0 0 0 0 0 0 0 0 0 0 0 0 0 0 
0 0 0 0 0 0 0 0 0 0 0 0 0 0 0 0 0 0 0 
