0 1 0.75385
0 3 0.44118
0 5 0.58929
0 7 0.85714
0 8 0.74346
0 9 0.70833
0 10 0.52941
0 11 0.52500
0 12 0.66667
0 13 0.52174
0 14 0.50000
0 16 0.89209
0 18 0.58228
1 5 0.80412
1 7 0.89912
1 8 0.70000
1 9 0.64615
1 12 0.78431
1 13 0.45833
1 16 0.64646
1 18 0.53846
2 3 0.64901
2 9 0.66667
2 10 0.73636
2 14 0.67500
2 18 0.66667
3 7 0.59259
3 8 0.47826
3 9 0.53103
3 10 0.95430
3 14 0.82686
3 16 0.48052
3 18 0.74107
4 5 0.70968
4 6 0.79381
4 8 0.59259
4 11 0.59615
4 12 0.67532
4 13 0.86574
4 15 0.76404
4 17 0.73554
5 7 0.71970
5 8 0.70000
5 9 0.46154
5 11 0.64583
5 12 0.79018
5 13 0.64706
5 16 0.51852
5 17 0.80000
6 11 0.76667
6 12 0.75000
6 13 0.68750
6 15 0.80102
6 17 0.75497
7 8 0.63736
7 9 0.55263
7 11 0.75000
7 12 0.61644
7 13 0.54167
7 14 0.40000
7 16 0.78500
7 18 0.42857
8 9 0.52632
8 11 0.73239
8 12 0.59677
8 13 0.56098
8 16 0.78889
8 17 0.56250
8 18 0.54545
9 10 0.54054
9 12 0.00000
9 14 0.67470
9 16 0.78157
9 18 0.75503
10 14 0.75225
10 16 0.51351
10 18 0.73571
11 12 0.64516
11 13 0.68333
11 15 0.55172
11 16 0.52632
11 17 0.74775
12 13 0.84080
12 15 0.53846
12 16 0.51724
12 17 0.70270
13 15 0.56140
13 16 0.00000
13 17 0.69444
14 16 0.48101
14 18 0.89702
15 17 0.60294
16 18 0.59036
