20
108
0 3
8.393092e-01 6.150197e-01 3.936787e+01 -2.525960e-01 8.787414e-01 -8.313546e+00 -3.472768e-04 -4.360880e-04 1.000000e+00
0.000000e+00 0.000000e+00 0.000000e+00 0.000000e+00 0.000000e+00 0.000000e+00 0.000000e+00 0.000000e+00 0.000000e+00
6.5116279069767447e-01
28
0
0 10
9.288237e-01 2.110304e-01 3.625171e+01 -8.365887e-02 9.899949e-01 -4.058336e+01 -1.599134e-04 -1.112126e-04 1.000000e+00
0.000000e+00 0.000000e+00 0.000000e+00 0.000000e+00 0.000000e+00 0.000000e+00 0.000000e+00 0.000000e+00 0.000000e+00
7.0802919708029199e-01
194
0
1 4
1.074816e+00 -7.495181e-02 -3.644124e+01 -1.273347e-01 1.033426e+00 2.152031e+01 3.949894e-04 -5.420176e-05 1.000000e+00
0.000000e+00 0.000000e+00 0.000000e+00 0.000000e+00 0.000000e+00 0.000000e+00 0.000000e+00 0.000000e+00 0.000000e+00
4.3165467625899279e-01
60
0
1 6
9.086469e-01 -6.328144e-01 -2.169344e+01 2.332308e-01 1.075729e+00 2.101876e+01 4.425180e-04 1.071282e-05 1.000000e+00
0.000000e+00 0.000000e+00 0.000000e+00 0.000000e+00 0.000000e+00 0.000000e+00 0.000000e+00 0.000000e+00 0.000000e+00
6.2962962962962965e-01
17
0
1 8
9.573820e-01 -1.023201e+00 -3.408903e+01 2.895566e-01 5.522632e-01 -1.988809e+01 6.575130e-04 -9.973139e-05 1.000000e+00
0.000000e+00 0.000000e+00 0.000000e+00 0.000000e+00 0.000000e+00 0.000000e+00 0.000000e+00 0.000000e+00 0.000000e+00
6.2500000000000000e-01
10
0
1 13
8.977443e-01 -1.290572e-01 -3.199513e+01 3.945013e-02 1.030931e+00 2.085907e+01 3.815649e-04 1.412526e-04 1.000000e+00
0.000000e+00 0.000000e+00 0.000000e+00 0.000000e+00 0.000000e+00 0.000000e+00 0.000000e+00 0.000000e+00 0.000000e+00
4.7572815533980584e-01
49
0
1 18
7.989172e-01 -9.659546e-02 -1.521146e+01 1.964407e-01 1.096634e+00 1.986717e+01 1.842156e-03 2.729315e-04 1.000000e+00
0.000000e+00 0.000000e+00 0.000000e+00 0.000000e+00 0.000000e+00 0.000000e+00 0.000000e+00 0.000000e+00 0.000000e+00
4.8571428571428571e-01
17
0
2 7
1.091524e+00 -2.101579e-03 -2.318933e+01 2.544362e-02 1.037614e+00 -5.047836e+00 2.920776e-04 1.514820e-05 1.000000e+00
0.000000e+00 0.000000e+00 0.000000e+00 0.000000e+00 0.000000e+00 0.000000e+00 0.000000e+00 0.000000e+00 0.000000e+00
7.7777777777777779e-01
112
0
2 12
9.280704e-01 2.163766e-02 -2.417830e+01 -3.947133e-02 1.009563e+00 2.412958e+01 -2.125745e-04 -1.329570e-06 1.000000e+00
0.000000e+00 0.000000e+00 0.000000e+00 0.000000e+00 0.000000e+00 0.000000e+00 0.000000e+00 0.000000e+00 0.000000e+00
6.6013071895424835e-01
101
0
2 14
7.493345e-01 7.131102e-04 1.880353e+00 -1.082761e-01 9.148910e-01 1.480520e+01 -1.010317e-03 -2.749081e-05 1.000000e+00
0.000000e+00 0.000000e+00 0.000000e+00 0.000000e+00 0.000000e+00 0.000000e+00 0.000000e+00 0.000000e+00 0.000000e+00
6.1764705882352944e-01
21
0
3 0
9.638156e-01 -6.962646e-01 -4.373179e+01 2.813782e-01 9.394368e-01 -3.267209e+00 4.574164e-04 1.678806e-04 9.833882e-01
0.000000e+00 0.000000e+00 0.000000e+00 0.000000e+00 0.000000e+00 0.000000e+00 0.000000e+00 0.000000e+00 0.000000e+00
0.0000000000000000e+00
0
0
3 9
1.662038e+00 1.788247e-01 1.342304e+02 4.372637e-01 1.216336e+00 7.638348e+01 -6.804822e-04 4.175821e-04 1.000000e+00
0.000000e+00 0.000000e+00 0.000000e+00 0.000000e+00 0.000000e+00 0.000000e+00 0.000000e+00 0.000000e+00 0.000000e+00
5.4545454545454541e-01
12
0
3 10
9.258255e-01 -4.057934e-01 -1.062330e+01 1.743937e-01 9.724947e-01 -3.872879e+01 4.274134e-04 -3.554241e-05 1.000000e+00
0.000000e+00 0.000000e+00 0.000000e+00 0.000000e+00 0.000000e+00 0.000000e+00 0.000000e+00 0.000000e+00 0.000000e+00
4.8360655737704916e-01
59
0
3 11
1.399582e+00 4.753871e-01 9.434762e+01 1.617708e-01 1.275216e+00 7.508351e+01 -1.370913e-03 -4.453575e-04 1.000000e+00
0.000000e+00 0.000000e+00 0.000000e+00 0.000000e+00 0.000000e+00 0.000000e+00 0.000000e+00 0.000000e+00 0.000000e+00
6.9999999999999996e-01
14
0
3 15
5.643754e-01 1.649732e-01 2.764942e+01 1.271822e-01 1.126684e+00 8.681016e+01 -4.104960e-04 1.068722e-04 1.000000e+00
0.000000e+00 0.000000e+00 0.000000e+00 0.000000e+00 0.000000e+00 0.000000e+00 0.000000e+00 0.000000e+00 0.000000e+00
6.2962962962962965e-01
17
0
3 16
6.575606e-01 4.122589e-01 8.848800e+00 -1.874469e-01 7.088359e-01 -6.168857e+01 4.688030e-04 -7.811597e-04 1.000000e+00
0.000000e+00 0.000000e+00 0.000000e+00 0.000000e+00 0.000000e+00 0.000000e+00 0.000000e+00 0.000000e+00 0.000000e+00
6.1904761904761907e-01
13
0
3 19
9.306495e-01 4.511112e-01 6.249539e+01 -1.959665e-01 8.998563e-01 -8.742867e+00 -3.995993e-04 -6.174523e-05 1.000000e+00
0.000000e+00 0.000000e+00 0.000000e+00 0.000000e+00 0.000000e+00 0.000000e+00 0.000000e+00 0.000000e+00 0.000000e+00
4.7872340425531917e-01
45
0
4 1
9.266897e-01 6.890386e-02 3.228689e+01 1.216680e-01 9.756104e-01 -1.656171e+01 -3.594380e-04 2.566351e-05 9.863493e-01
0.000000e+00 0.000000e+00 0.000000e+00 0.000000e+00 0.000000e+00 0.000000e+00 0.000000e+00 0.000000e+00 0.000000e+00
0.0000000000000000e+00
0
0
4 13
9.469237e-01 -2.552117e-01 -3.269440e+01 7.849926e-02 9.577014e-01 -1.195740e+00 1.985428e-04 -1.183557e-04 1.000000e+00
0.000000e+00 0.000000e+00 0.000000e+00 0.000000e+00 0.000000e+00 0.000000e+00 0.000000e+00 0.000000e+00 0.000000e+00
5.7541899441340782e-01
103
0
4 18
5.097523e-01 2.493929e-02 2.808760e-01 1.724541e-01 6.325836e-01 1.947474e+01 2.003326e-03 -8.343094e-04 1.000000e+00
0.000000e+00 0.000000e+00 0.000000e+00 0.000000e+00 0.000000e+00 0.000000e+00 0.000000e+00 0.000000e+00 0.000000e+00
6.8965517241379315e-01
20
0
5 15
1.001572e+00 -4.438091e-02 -7.928501e+00 1.343804e-02 1.022170e+00 4.675711e+00 1.057656e-04 -6.162747e-05 1.000000e+00
0.000000e+00 0.000000e+00 0.000000e+00 0.000000e+00 0.000000e+00 0.000000e+00 0.000000e+00 0.000000e+00 0.000000e+00
5.6179775280898880e-01
50
0
5 16
9.952595e-01 -2.284594e-01 -6.944465e+01 7.934915e-02 1.096367e+00 -5.551307e+01 6.145673e-04 6.834458e-04 1.000000e+00
0.000000e+00 0.000000e+00 0.000000e+00 0.000000e+00 0.000000e+00 0.000000e+00 0.000000e+00 0.000000e+00 0.000000e+00
8.5714285714285710e-01
30
0
5 17
1.003167e+00 2.189915e-01 3.762115e+01 -6.583583e-02 1.011312e+00 -1.083571e+01 -2.337068e-04 2.907193e-05 1.000000e+00
0.000000e+00 0.000000e+00 0.000000e+00 0.000000e+00 0.000000e+00 0.000000e+00 0.000000e+00 0.000000e+00 0.000000e+00
6.7901234567901236e-01
55
0
5 19
7.462092e-01 3.038927e-02 -7.289010e+01 2.243104e-01 1.006201e+00 8.914413e+00 6.793571e-04 -1.365205e-03 1.000000e+00
0.000000e+00 0.000000e+00 0.000000e+00 0.000000e+00 0.000000e+00 0.000000e+00 0.000000e+00 0.000000e+00 0.000000e+00
7.0967741935483875e-01
22
0
6 1
9.524209e-01 5.601878e-01 8.886832e+00 -1.983026e-01 8.131603e-01 -2.139349e+01 -4.193391e-04 -2.566045e-04 9.962966e-01
0.000000e+00 0.000000e+00 0.000000e+00 0.000000e+00 0.000000e+00 0.000000e+00 0.000000e+00 0.000000e+00 0.000000e+00
0.0000000000000000e+00
0
0
6 8
9.541716e-01 -1.672703e-01 -3.665518e+01 7.622291e-02 6.930414e-01 -4.692719e+01 1.655460e-04 2.268424e-04 1.000000e+00
0.000000e+00 0.000000e+00 0.000000e+00 0.000000e+00 0.000000e+00 0.000000e+00 0.000000e+00 0.000000e+00 0.000000e+00
5.8163265306122447e-01
57
0
6 13
9.822332e-01 2.677445e-01 -5.193479e+01 -1.472544e-02 7.095012e-01 -3.923890e+01 -1.473706e-04 1.720093e-04 1.000000e+00
0.000000e+00 0.000000e+00 0.000000e+00 0.000000e+00 0.000000e+00 0.000000e+00 0.000000e+00 0.000000e+00 0.000000e+00
5.9999999999999998e-01
15
0
6 17
9.336249e-01 -3.656869e-01 -6.696420e+01 1.177315e-01 7.035286e-01 -4.330383e+01 3.955652e-04 1.727052e-04 1.000000e+00
0.000000e+00 0.000000e+00 0.000000e+00 0.000000e+00 0.000000e+00 0.000000e+00 0.000000e+00 0.000000e+00 0.000000e+00
5.9259259259259256e-01
32
0
6 18
9.380586e-01 -9.150859e-02 -1.078374e+02 7.724227e-03 9.557917e-01 3.635316e+01 -5.227927e-04 3.463594e-04 1.000000e+00
0.000000e+00 0.000000e+00 0.000000e+00 0.000000e+00 0.000000e+00 0.000000e+00 0.000000e+00 0.000000e+00 0.000000e+00
5.2173913043478259e-01
36
0
7 2
9.104627e-01 1.535704e-03 2.112078e+01 -2.361766e-02 9.636390e-01 4.316613e+00 -2.655680e-04 -1.504594e-05 9.937657e-01
0.000000e+00 0.000000e+00 0.000000e+00 0.000000e+00 0.000000e+00 0.000000e+00 0.000000e+00 0.000000e+00 0.000000e+00
0.0000000000000000e+00
0
0
7 12
8.571443e-01 4.652102e-02 -7.301822e+00 -6.846423e-02 9.775528e-01 2.917626e+01 -4.282231e-04 2.371643e-05 1.000000e+00
0.000000e+00 0.000000e+00 0.000000e+00 0.000000e+00 0.000000e+00 0.000000e+00 0.000000e+00 0.000000e+00 0.000000e+00
8.0555555555555558e-01
58
0
7 14
0.000000e+00 0.000000e+00 0.000000e+00 0.000000e+00 0.000000e+00 0.000000e+00 0.000000e+00 0.000000e+00 0.000000e+00
0.000000e+00 0.000000e+00 0.000000e+00 0.000000e+00 0.000000e+00 0.000000e+00 0.000000e+00 0.000000e+00 0.000000e+00
0.0000000000000000e+00
0
0
8 1
6.475056e-01 1.207985e+00 4.609736e+01 -3.561039e-01 1.152911e+00 1.078996e+01 -4.612581e-04 -6.792847e-04 9.707665e-01
0.000000e+00 0.000000e+00 0.000000e+00 0.000000e+00 0.000000e+00 0.000000e+00 0.000000e+00 0.000000e+00 0.000000e+00
0.0000000000000000e+00
0
0
8 6
1.021229e+00 2.306848e-01 4.825871e+01 -1.218931e-01 1.393553e+00 6.092751e+01 -1.414098e-04 -3.543058e-04 9.781900e-01
0.000000e+00 0.000000e+00 0.000000e+00 0.000000e+00 0.000000e+00 0.000000e+00 0.000000e+00 0.000000e+00 0.000000e+00
0.0000000000000000e+00
0
0
8 13
1.036220e+00 1.060806e-01 1.187245e+02 -1.057846e-01 1.036271e+00 4.512507e+00 -3.333055e-04 -1.454598e-05 1.000000e+00
0.000000e+00 0.000000e+00 0.000000e+00 0.000000e+00 0.000000e+00 0.000000e+00 0.000000e+00 0.000000e+00 0.000000e+00
6.4705882352941180e-01
33
0
8 15
3.377770e-01 -2.342611e-01 -1.238047e+02 2.874113e-01 9.103146e-01 2.813680e+01 2.519043e-03 4.023456e-04 1.000000e+00
0.000000e+00 0.000000e+00 0.000000e+00 0.000000e+00 0.000000e+00 0.000000e+00 0.000000e+00 0.000000e+00 0.000000e+00
5.5555555555555558e-01
10
0
8 16
0.000000e+00 0.000000e+00 0.000000e+00 0.000000e+00 0.000000e+00 0.000000e+00 0.000000e+00 0.000000e+00 0.000000e+00
0.000000e+00 0.000000e+00 0.000000e+00 0.000000e+00 0.000000e+00 0.000000e+00 0.000000e+00 0.000000e+00 0.000000e+00
0.0000000000000000e+00
0
0
8 17
1.001793e+00 -2.647701e-01 -4.175334e+01 3.857304e-02 1.013841e+00 5.311959e+00 2.513760e-04 -2.987513e-05 1.000000e+00
0.000000e+00 0.000000e+00 0.000000e+00 0.000000e+00 0.000000e+00 0.000000e+00 0.000000e+00 0.000000e+00 0.000000e+00
5.1764705882352946e-01
88
0
8 18
9.997691e-01 5.874648e-02 8.442125e+00 -4.110737e-02 9.995414e-01 2.669702e+00 -3.328557e-05 -2.161610e-05 1.000000e+00
0.000000e+00 0.000000e+00 0.000000e+00 0.000000e+00 0.000000e+00 0.000000e+00 0.000000e+00 0.000000e+00 0.000000e+00
6.0738255033557043e-01
181
0
8 19
0.000000e+00 0.000000e+00 0.000000e+00 0.000000e+00 0.000000e+00 0.000000e+00 0.000000e+00 0.000000e+00 0.000000e+00
0.000000e+00 0.000000e+00 0.000000e+00 0.000000e+00 0.000000e+00 0.000000e+00 0.000000e+00 0.000000e+00 0.000000e+00
0.0000000000000000e+00
0
0
9 3
5.873139e-01 -6.087775e-02 -7.418531e+01 -2.425943e-01 8.694273e-01 -3.384636e+01 5.009597e-04 -4.044835e-04 9.636519e-01
0.000000e+00 0.000000e+00 0.000000e+00 0.000000e+00 0.000000e+00 0.000000e+00 0.000000e+00 0.000000e+00 0.000000e+00
0.0000000000000000e+00
0
0
9 10
0.000000e+00 0.000000e+00 0.000000e+00 0.000000e+00 0.000000e+00 0.000000e+00 0.000000e+00 0.000000e+00 0.000000e+00
0.000000e+00 0.000000e+00 0.000000e+00 0.000000e+00 0.000000e+00 0.000000e+00 0.000000e+00 0.000000e+00 0.000000e+00
0.0000000000000000e+00
0
0
9 11
8.198947e-01 7.998096e-02 5.309666e+00 -8.209505e-02 9.405681e-01 3.726595e+01 -9.041713e-05 -6.274501e-05 1.000000e+00
0.000000e+00 0.000000e+00 0.000000e+00 0.000000e+00 0.000000e+00 0.000000e+00 0.000000e+00 0.000000e+00 0.000000e+00
5.5000000000000004e-01
99
0
9 14
1.154409e+00 -3.917756e-02 1.448695e+00 4.782278e-02 1.042907e+00 -3.032727e+01 9.475367e-04 -1.115686e-04 1.000000e+00
0.000000e+00 0.000000e+00 0.000000e+00 0.000000e+00 0.000000e+00 0.000000e+00 0.000000e+00 0.000000e+00 0.000000e+00
3.7704918032786883e-01
23
0
9 15
1.508909e+00 6.499536e-01 2.059674e+02 -4.661241e-01 9.781748e-01 4.937746e+00 -2.519045e-03 -3.840947e-03 1.000000e+00
0.000000e+00 0.000000e+00 0.000000e+00 0.000000e+00 0.000000e+00 0.000000e+00 0.000000e+00 0.000000e+00 0.000000e+00
6.8750000000000000e-01
11
0
9 16
2.177281e+00 2.843179e-01 2.313602e+02 -1.776312e-01 1.389757e+00 -2.185742e+01 -3.121514e-03 5.085082e-04 1.000000e+00
0.000000e+00 0.000000e+00 0.000000e+00 0.000000e+00 0.000000e+00 0.000000e+00 0.000000e+00 0.000000e+00 0.000000e+00
4.8275862068965519e-01
14
0
10 0
1.047895e+00 -2.286826e-01 -4.726870e+01 9.585809e-02 9.938133e-01 3.685726e+01 1.782331e-04 7.395514e-05 9.965401e-01
0.000000e+00 0.000000e+00 0.000000e+00 0.000000e+00 0.000000e+00 0.000000e+00 0.000000e+00 0.000000e+00 0.000000e+00
0.0000000000000000e+00
0
0
10 3
9.898739e-01 4.140155e-01 2.655005e+01 -1.946347e-01 9.483346e-01 3.466018e+01 -4.300032e-04 -1.432497e-04 9.898841e-01
0.000000e+00 0.000000e+00 0.000000e+00 0.000000e+00 0.000000e+00 0.000000e+00 0.000000e+00 0.000000e+00 0.000000e+00
0.0000000000000000e+00
0
0
10 9
0.000000e+00 0.000000e+00 0.000000e+00 0.000000e+00 0.000000e+00 0.000000e+00 0.000000e+00 0.000000e+00 0.000000e+00
0.000000e+00 0.000000e+00 0.000000e+00 0.000000e+00 0.000000e+00 0.000000e+00 0.000000e+00 0.000000e+00 0.000000e+00
0.0000000000000000e+00
0
0
10 19
1.011686e+00 6.468924e-01 1.899507e+02 -1.928506e-01 6.828604e-01 4.351920e+01 4.290841e-04 3.924381e-04 1.000000e+00
0.000000e+00 0.000000e+00 0.000000e+00 0.000000e+00 0.000000e+00 0.000000e+00 0.000000e+00 0.000000e+00 0.000000e+00
6.1904761904761907e-01
13
0
11 3
7.021151e-01 -2.775966e-01 -4.539996e+01 -1.420179e-01 8.202931e-01 -4.819143e+01 8.992899e-04 -1.523707e-05 9.162982e-01
0.000000e+00 0.000000e+00 0.000000e+00 0.000000e+00 0.000000e+00 0.000000e+00 0.000000e+00 0.000000e+00 0.000000e+00
0.0000000000000000e+00
0
0
11 9
1.209072e+00 -1.029854e-01 -2.581922e+00 1.009484e-01 1.051952e+00 -3.973800e+01 1.156549e-04 5.669311e-05 9.972732e-01
0.000000e+00 0.000000e+00 0.000000e+00 0.000000e+00 0.000000e+00 0.000000e+00 0.000000e+00 0.000000e+00 0.000000e+00
0.0000000000000000e+00
0
0
11 14
3.883063e+00 -2.583089e-01 -1.343489e+02 4.142867e-01 1.885870e+00 -1.378937e+02 9.904930e-03 -3.934742e-04 1.000000e+00
0.000000e+00 0.000000e+00 0.000000e+00 0.000000e+00 0.000000e+00 0.000000e+00 0.000000e+00 0.000000e+00 0.000000e+00
4.0740740740740738e-01
11
0
11 15
1.059611e+00 3.021632e-01 7.722899e+01 -1.024554e-01 7.436784e-01 1.813613e+01 -1.011864e-03 -2.359792e-03 1.000000e+00
0.000000e+00 0.000000e+00 0.000000e+00 0.000000e+00 0.000000e+00 0.000000e+00 0.000000e+00 0.000000e+00 0.000000e+00
6.7647058823529416e-01
23
0
11 16
7.657150e-01 7.611707e-02 -2.125882e+01 4.860163e-02 8.328448e-01 -2.495673e+01 3.052095e-04 -2.833117e-04 1.000000e+00
0.000000e+00 0.000000e+00 0.000000e+00 0.000000e+00 0.000000e+00 0.000000e+00 0.000000e+00 0.000000e+00 0.000000e+00
6.4444444444444449e-01
29
0
11 17
1.461620e+01 3.984878e+00 2.398632e+03 -3.471514e+00 7.717171e+00 -4.909412e+02 -4.289649e-02 2.723126e-03 1.000000e+00
0.000000e+00 0.000000e+00 0.000000e+00 0.000000e+00 0.000000e+00 0.000000e+00 0.000000e+00 0.000000e+00 0.000000e+00
6.8421052631578949e-01
13
0
11 19
2.024780e+00 1.495525e-01 1.373258e+02 1.547065e-01 1.793094e+00 4.081186e+01 -2.508607e-03 8.205370e-04 1.000000e+00
0.000000e+00 0.000000e+00 0.000000e+00 0.000000e+00 0.000000e+00 0.000000e+00 0.000000e+00 0.000000e+00 0.000000e+00
5.7692307692307687e-01
15
0
12 2
1.082643e+00 -2.316875e-02 2.673552e+01 3.682676e-02 9.897079e-01 -2.299083e+01 2.301912e-04 -3.609199e-06 1.005653e+00
0.000000e+00 0.000000e+00 0.000000e+00 0.000000e+00 0.000000e+00 0.000000e+00 0.000000e+00 0.000000e+00 0.000000e+00
0.0000000000000000e+00
0
0
12 7
1.167279e+00 -5.579626e-02 1.015119e+01 6.688052e-02 1.020490e+00 -2.928574e+01 4.982699e-04 -4.809563e-05 1.005042e+00
0.000000e+00 0.000000e+00 0.000000e+00 0.000000e+00 0.000000e+00 0.000000e+00 0.000000e+00 0.000000e+00 0.000000e+00
0.0000000000000000e+00
0
0
12 14
8.344179e-01 1.947314e-02 2.661897e+01 -4.847743e-02 9.746550e-01 -1.307748e+01 -5.025847e-04 5.910015e-05 1.000000e+00
0.000000e+00 0.000000e+00 0.000000e+00 0.000000e+00 0.000000e+00 0.000000e+00 0.000000e+00 0.000000e+00 0.000000e+00
6.0439560439560436e-01
55
0
13 1
1.094370e+00 1.325802e-01 3.224902e+01 -3.352467e-02 9.687154e-01 -2.127913e+01 -4.128378e-04 -1.874215e-04 9.907006e-01
0.000000e+00 0.000000e+00 0.000000e+00 0.000000e+00 0.000000e+00 0.000000e+00 0.000000e+00 0.000000e+00 0.000000e+00
0.0000000000000000e+00
0
0
13 4
1.025937e+00 2.775818e-01 3.387433e+01 -8.435911e-02 1.021497e+00 -1.536626e+00 -2.136769e-04 6.578802e-05 9.930926e-01
0.000000e+00 0.000000e+00 0.000000e+00 0.000000e+00 0.000000e+00 0.000000e+00 0.000000e+00 0.000000e+00 0.000000e+00
0.0000000000000000e+00
0
0
13 6
1.017810e+00 -3.931660e-01 3.743235e+01 2.914253e-02 1.384902e+00 5.585554e+01 1.449825e-04 -2.961571e-04 9.959088e-01
0.000000e+00 0.000000e+00 0.000000e+00 0.000000e+00 0.000000e+00 0.000000e+00 0.000000e+00 0.000000e+00 0.000000e+00
0.0000000000000000e+00
0
0
13 8
9.202682e-01 -9.573323e-02 -1.088264e+02 9.260129e-02 9.553043e-01 -1.530486e+01 3.080774e-04 -1.801257e-05 9.635049e-01
0.000000e+00 0.000000e+00 0.000000e+00 0.000000e+00 0.000000e+00 0.000000e+00 0.000000e+00 0.000000e+00 0.000000e+00
0.0000000000000000e+00
0
0
13 18
1.058477e+00 -1.553035e-01 -8.487485e+01 5.630060e-02 1.089600e+00 -1.660462e+01 2.697907e-04 2.638816e-04 1.000000e+00
0.000000e+00 0.000000e+00 0.000000e+00 0.000000e+00 0.000000e+00 0.000000e+00 0.000000e+00 0.000000e+00 0.000000e+00
6.0305343511450382e-01
79
0
14 2
1.331005e+00 -1.112158e-03 -2.486292e+00 1.357011e-01 1.092427e+00 -1.642876e+01 1.348467e-03 2.890807e-05 9.970364e-01
0.000000e+00 0.000000e+00 0.000000e+00 0.000000e+00 0.000000e+00 0.000000e+00 0.000000e+00 0.000000e+00 0.000000e+00
0.0000000000000000e+00
0
0
14 7
0.000000e+00 0.000000e+00 0.000000e+00 0.000000e+00 0.000000e+00 0.000000e+00 0.000000e+00 0.000000e+00 0.000000e+00
0.000000e+00 0.000000e+00 0.000000e+00 0.000000e+00 0.000000e+00 0.000000e+00 0.000000e+00 0.000000e+00 0.000000e+00
0.0000000000000000e+00
0
0
14 9
8.651194e-01 3.247011e-02 -2.685644e-01 -6.371445e-02 9.595880e-01 2.919398e+01 -8.268409e-04 7.629325e-05 1.003512e+00
0.000000e+00 0.000000e+00 0.000000e+00 0.000000e+00 0.000000e+00 0.000000e+00 0.000000e+00 0.000000e+00 0.000000e+00
0.0000000000000000e+00
0
0
14 11
1.812842e-01 3.079827e-02 2.860221e+01 -1.761871e-01 5.160346e-01 4.748739e+01 -1.864932e-03 -1.020084e-04 7.353821e-01
0.000000e+00 0.000000e+00 0.000000e+00 0.000000e+00 0.000000e+00 0.000000e+00 0.000000e+00 0.000000e+00 0.000000e+00
0.0000000000000000e+00
0
0
14 12
1.178125e+00 -2.161963e-02 -3.164320e+01 6.648953e-02 1.023971e+00 1.162107e+01 5.881781e-04 -7.138253e-05 9.834098e-01
0.000000e+00 0.000000e+00 0.000000e+00 0.000000e+00 0.000000e+00 0.000000e+00 0.000000e+00 0.000000e+00 0.000000e+00
0.0000000000000000e+00
0
0
15 3
1.811208e+00 -2.626160e-01 -2.728112e+01 -2.639114e-01 9.331956e-01 -7.371387e+01 7.716984e-04 -2.075354e-04 9.966792e-01
0.000000e+00 0.000000e+00 0.000000e+00 0.000000e+00 0.000000e+00 0.000000e+00 0.000000e+00 0.000000e+00 0.000000e+00
0.0000000000000000e+00
0
0
15 5
9.970301e-01 4.375364e-02 7.700374e+00 -1.262161e-02 9.774813e-01 -4.670491e+00 -1.062293e-04 5.561206e-05 9.988977e-01
0.000000e+00 0.000000e+00 0.000000e+00 0.000000e+00 0.000000e+00 0.000000e+00 0.000000e+00 0.000000e+00 0.000000e+00
0.0000000000000000e+00
0
0
15 8
1.440770e+00 2.956065e-01 1.700567e+02 -3.470269e-01 1.041154e+00 -7.225832e+01 -3.489738e-03 -1.163549e-03 6.006926e-01
0.000000e+00 0.000000e+00 0.000000e+00 0.000000e+00 0.000000e+00 0.000000e+00 0.000000e+00 0.000000e+00 0.000000e+00
0.0000000000000000e+00
0
0
15 9
3.726595e-01 -5.385661e-01 -7.409641e+01 1.695551e-01 7.578273e-01 -3.866480e+01 1.589998e-03 1.554103e-03 6.648384e-01
0.000000e+00 0.000000e+00 0.000000e+00 0.000000e+00 0.000000e+00 0.000000e+00 0.000000e+00 0.000000e+00 0.000000e+00
0.0000000000000000e+00
0
0
15 11
8.406487e-01 -5.177738e-01 -5.553204e+01 8.989718e-02 1.216125e+00 -2.899847e+01 1.062761e-03 2.345885e-03 8.753788e-01
0.000000e+00 0.000000e+00 0.000000e+00 0.000000e+00 0.000000e+00 0.000000e+00 0.000000e+00 0.000000e+00 0.000000e+00
0.0000000000000000e+00
0
0
15 16
1.023797e+00 -2.741310e-02 -6.516024e+01 3.416732e-02 1.000866e+00 -6.119881e+01 2.385333e-04 8.843959e-06 1.000000e+00
0.000000e+00 0.000000e+00 0.000000e+00 0.000000e+00 0.000000e+00 0.000000e+00 0.000000e+00 0.000000e+00 0.000000e+00
6.1764705882352944e-01
84
0
15 17
9.656909e-01 2.383354e-01 4.372297e+01 -7.537167e-02 8.712818e-01 -1.326124e+01 -3.826026e-04 -1.052332e-03 1.000000e+00
0.000000e+00 0.000000e+00 0.000000e+00 0.000000e+00 0.000000e+00 0.000000e+00 0.000000e+00 0.000000e+00 0.000000e+00
4.3939393939393939e-01
29
0
15 19
9.360606e-01 -1.859244e-01 -4.984728e+01 1.922974e-01 1.054892e+00 4.659848e+00 2.747139e-04 4.650048e-05 1.000000e+00
0.000000e+00 0.000000e+00 0.000000e+00 0.000000e+00 0.000000e+00 0.000000e+00 0.000000e+00 0.000000e+00 0.000000e+00
6.1481481481481481e-01
83
0
16 3
1.326268e+00 -8.414980e-01 -6.364669e+01 3.182477e-01 1.311743e+00 7.810347e+01 -3.731562e-04 1.419178e-03 1.090849e+00
0.000000e+00 0.000000e+00 0.000000e+00 0.000000e+00 0.000000e+00 0.000000e+00 0.000000e+00 0.000000e+00 0.000000e+00
0.0000000000000000e+00
0
0
16 5
9.469309e-01 1.510988e-01 7.414725e+01 -9.472231e-02 8.664812e-01 4.152308e+01 -5.172152e-04 -6.850533e-04 9.260528e-01
0.000000e+00 0.000000e+00 0.000000e+00 0.000000e+00 0.000000e+00 0.000000e+00 0.000000e+00 0.000000e+00 0.000000e+00
0.0000000000000000e+00
0
0
16 8
0.000000e+00 0.000000e+00 0.000000e+00 0.000000e+00 0.000000e+00 0.000000e+00 0.000000e+00 0.000000e+00 0.000000e+00
0.000000e+00 0.000000e+00 0.000000e+00 0.000000e+00 0.000000e+00 0.000000e+00 0.000000e+00 0.000000e+00 0.000000e+00
0.0000000000000000e+00
0
0
16 9
3.414454e-01 -4.062362e-02 -7.988478e+01 5.992524e-02 7.067116e-01 1.582578e+00 1.035354e-03 -4.861759e-04 7.498337e-01
0.000000e+00 0.000000e+00 0.000000e+00 0.000000e+00 0.000000e+00 0.000000e+00 0.000000e+00 0.000000e+00 0.000000e+00
0.0000000000000000e+00
0
0
16 11
1.303048e+00 -1.106066e-01 2.494089e+01 -8.871143e-02 1.218515e+00 2.852424e+01 -4.228356e-04 3.789777e-04 1.000469e+00
0.000000e+00 0.000000e+00 0.000000e+00 0.000000e+00 0.000000e+00 0.000000e+00 0.000000e+00 0.000000e+00 0.000000e+00
0.0000000000000000e+00
0
0
16 15
9.609413e-01 2.575237e-02 6.419118e+01 -4.679472e-02 9.973408e-01 5.798692e+01 -2.288027e-04 -1.496324e-05 9.841754e-01
0.000000e+00 0.000000e+00 0.000000e+00 0.000000e+00 0.000000e+00 0.000000e+00 0.000000e+00 0.000000e+00 0.000000e+00
0.0000000000000000e+00
0
0
16 17
1.305673e+00 1.625807e-01 1.831533e+02 -2.097764e-01 1.193523e+00 2.963994e+01 -1.533171e-03 -2.958572e-04 1.000000e+00
0.000000e+00 0.000000e+00 0.000000e+00 0.000000e+00 0.000000e+00 0.000000e+00 0.000000e+00 0.000000e+00 0.000000e+00
5.8333333333333337e-01
21
0
16 19
9.644934e-01 -4.159735e-02 6.571621e+00 6.589173e-02 9.986676e-01 6.442692e+01 -5.629199e-05 -4.925627e-04 1.000000e+00
0.000000e+00 0.000000e+00 0.000000e+00 0.000000e+00 0.000000e+00 0.000000e+00 0.000000e+00 0.000000e+00 0.000000e+00
6.1194029850746268e-01
41
0
17 5
9.740082e-01 -2.097950e-01 -3.891659e+01 6.582586e-02 9.743285e-01 8.081092e+00 2.257187e-04 -7.735612e-05 9.906700e-01
0.000000e+00 0.000000e+00 0.000000e+00 0.000000e+00 0.000000e+00 0.000000e+00 0.000000e+00 0.000000e+00 0.000000e+00
0.0000000000000000e+00
0
0
17 6
9.734426e-01 4.848294e-01 8.618078e+01 -1.846386e-01 1.314495e+00 4.455848e+01 -3.531720e-04 -4.188017e-04 9.582144e-01
0.000000e+00 0.000000e+00 0.000000e+00 0.000000e+00 0.000000e+00 0.000000e+00 0.000000e+00 0.000000e+00 0.000000e+00
0.0000000000000000e+00
0
0
17 8
9.784177e-01 2.566828e-01 3.948872e+01 -3.593106e-02 9.767677e-01 -6.688791e+00 -2.470241e-04 -3.534283e-05 9.898737e-01
0.000000e+00 0.000000e+00 0.000000e+00 0.000000e+00 0.000000e+00 0.000000e+00 0.000000e+00 0.000000e+00 0.000000e+00
0.0000000000000000e+00
0
0
17 11
9.040896e-03 2.543195e-03 -2.043722e+01 2.449549e-02 1.173382e-01 -1.149513e+00 3.211184e-04 -2.104325e-04 1.264451e-01
0.000000e+00 0.000000e+00 0.000000e+00 0.000000e+00 0.000000e+00 0.000000e+00 0.000000e+00 0.000000e+00 0.000000e+00
0.0000000000000000e+00
0
0
17 15
9.909816e-01 -3.286754e-01 -4.768730e+01 9.298669e-02 1.135576e+00 1.099350e+01 4.770050e-04 1.069251e-03 9.933235e-01
0.000000e+00 0.000000e+00 0.000000e+00 0.000000e+00 0.000000e+00 0.000000e+00 0.000000e+00 0.000000e+00 0.000000e+00
0.0000000000000000e+00
0
0
17 16
6.187708e-01 -1.115616e-01 -1.100232e+02 8.457565e-02 8.164960e-01 -3.969120e+01 9.737038e-04 7.052319e-05 8.195727e-01
0.000000e+00 0.000000e+00 0.000000e+00 0.000000e+00 0.000000e+00 0.000000e+00 0.000000e+00 0.000000e+00 0.000000e+00
0.0000000000000000e+00
0
0
17 18
1.021734e+00 4.939777e-01 7.868158e+00 -8.329281e-02 1.016891e+00 -7.751257e+00 -3.072111e-04 7.509271e-05 1.000000e+00
0.000000e+00 0.000000e+00 0.000000e+00 0.000000e+00 0.000000e+00 0.000000e+00 0.000000e+00 0.000000e+00 0.000000e+00
5.9677419354838712e-01
37
0
17 19
9.107565e-01 -4.262163e-01 -9.394264e+01 2.707580e-01 1.157402e+00 1.992863e+00 4.472053e-04 -3.523644e-04 1.000000e+00
0.000000e+00 0.000000e+00 0.000000e+00 0.000000e+00 0.000000e+00 0.000000e+00 0.000000e+00 0.000000e+00 0.000000e+00
5.5813953488372092e-01
24
0
18 1
1.189796e+00 1.007955e-01 1.609601e+01 -1.742830e-01 9.016477e-01 -2.056429e+01 -2.144222e-03 -4.317690e-04 9.759613e-01
0.000000e+00 0.000000e+00 0.000000e+00 0.000000e+00 0.000000e+00 0.000000e+00 0.000000e+00 0.000000e+00 0.000000e+00
0.0000000000000000e+00
0
0
18 4
1.984078e+00 -7.697906e-02 9.418672e-01 -4.080491e-01 1.557064e+00 -3.020880e+01 -4.315194e-03 1.453287e-03 9.729096e-01
0.000000e+00 0.000000e+00 0.000000e+00 0.000000e+00 0.000000e+00 0.000000e+00 0.000000e+00 0.000000e+00 0.000000e+00
0.0000000000000000e+00
0
0
18 6
1.132225e+00 6.501180e-02 1.197328e+02 -3.208617e-02 1.058378e+00 -4.193547e+01 6.030322e-04 -3.325913e-04 1.077120e+00
0.000000e+00 0.000000e+00 0.000000e+00 0.000000e+00 0.000000e+00 0.000000e+00 0.000000e+00 0.000000e+00 0.000000e+00
0.0000000000000000e+00
0
0
18 8
9.975378e-01 -5.880745e-02 -8.264341e+00 4.093392e-02 9.979879e-01 -3.009900e+00 3.408845e-05 1.961517e-05 9.996599e-01
0.000000e+00 0.000000e+00 0.000000e+00 0.000000e+00 0.000000e+00 0.000000e+00 0.000000e+00 0.000000e+00 0.000000e+00
0.0000000000000000e+00
0
0
18 13
9.184764e-01 1.115847e-01 7.980836e+01 -5.102950e-02 9.078927e-01 1.074409e+01 -2.343306e-04 -2.696807e-04 9.756333e-01
0.000000e+00 0.000000e+00 0.000000e+00 0.000000e+00 0.000000e+00 0.000000e+00 0.000000e+00 0.000000e+00 0.000000e+00
0.0000000000000000e+00
0
0
18 17
9.383540e-01 -4.550210e-01 -1.091010e+01 7.901203e-02 9.445130e-01 6.699484e+00 2.823395e-04 -2.107135e-04 9.961452e-01
0.000000e+00 0.000000e+00 0.000000e+00 0.000000e+00 0.000000e+00 0.000000e+00 0.000000e+00 0.000000e+00 0.000000e+00
0.0000000000000000e+00
0
0
19 3
9.464940e-01 -4.788374e-01 -6.333792e+01 2.099237e-01 1.005754e+00 -4.326090e+00 3.911801e-04 -1.292426e-04 9.744231e-01
0.000000e+00 0.000000e+00 0.000000e+00 0.000000e+00 0.000000e+00 0.000000e+00 0.000000e+00 0.000000e+00 0.000000e+00
0.0000000000000000e+00
0
0
19 5
1.233743e+00 8.373880e-02 8.918119e+01 -2.644123e-01 9.640137e-01 -2.786666e+01 -1.199129e-03 1.259188e-03 9.013704e-01
0.000000e+00 0.000000e+00 0.000000e+00 0.000000e+00 0.000000e+00 0.000000e+00 0.000000e+00 0.000000e+00 0.000000e+00
0.0000000000000000e+00
0
0
19 8
0.000000e+00 0.000000e+00 0.000000e+00 0.000000e+00 0.000000e+00 0.000000e+00 0.000000e+00 0.000000e+00 0.000000e+00
0.000000e+00 0.000000e+00 0.000000e+00 0.000000e+00 0.000000e+00 0.000000e+00 0.000000e+00 0.000000e+00 0.000000e+00
0.0000000000000000e+00
0
0
19 10
8.992636e-01 -7.730644e-01 -1.371727e+02 2.857029e-01 1.256385e+00 -1.089464e+02 -4.979805e-04 -1.613437e-04 1.101613e+00
0.000000e+00 0.000000e+00 0.000000e+00 0.000000e+00 0.000000e+00 0.000000e+00 0.000000e+00 0.000000e+00 0.000000e+00
0.0000000000000000e+00
0
0
19 11
4.230316e-01 -8.864402e-03 -5.773139e+01 -6.180706e-02 5.696040e-01 -1.475889e+01 1.111935e-03 -4.896185e-04 8.672848e-01
0.000000e+00 0.000000e+00 0.000000e+00 0.000000e+00 0.000000e+00 0.000000e+00 0.000000e+00 0.000000e+00 0.000000e+00
0.0000000000000000e+00
0
0
19 15
1.017286e+00 1.770974e-01 4.988368e+01 -1.842454e-01 9.160843e-01 -1.345295e+01 -2.708950e-04 -9.124948e-05 9.869218e-01
0.000000e+00 0.000000e+00 0.000000e+00 0.000000e+00 0.000000e+00 0.000000e+00 0.000000e+00 0.000000e+00 0.000000e+00
0.0000000000000000e+00
0
0
19 16
1.033644e+00 3.848110e-02 -9.271934e+00 -6.973716e-02 9.678989e-01 -6.190045e+01 2.383594e-05 4.789170e-04 9.689882e-01
0.000000e+00 0.000000e+00 0.000000e+00 0.000000e+00 0.000000e+00 0.000000e+00 0.000000e+00 0.000000e+00 0.000000e+00
0.0000000000000000e+00
0
0
19 17
9.435737e-01 3.742328e-01 8.789601e+01 -2.198758e-01 7.762744e-01 -2.220272e+01 -4.994476e-04 1.061726e-04 9.528690e-01
0.000000e+00 0.000000e+00 0.000000e+00 0.000000e+00 0.000000e+00 0.000000e+00 0.000000e+00 0.000000e+00 0.000000e+00
0.0000000000000000e+00
0
0
2291
2 0 24 10 102
2 0 42 3 1662
2 0 75 10 118
2 0 81 10 135
7 0 135 3 31 10 1674 19 1613 9 410 11 1566 14 627
4 0 144 10 170 3 47 19 83
4 0 145 3 48 10 171 19 84
2 0 162 10 187
2 0 165 10 1713
3 0 192 3 124 10 1714
3 0 229 3 159 10 1743
2 0 240 10 280
2 0 250 10 413
2 0 277 10 369
2 0 314 10 463
2 0 318 10 388
2 0 373 10 405
2 0 376 10 430
2 0 396 10 537
2 0 412 10 444
2 0 440 10 486
2 0 456 10 506
2 0 472 10 518
2 0 475 10 634
2 0 494 10 523
2 0 500 10 533
2 0 522 3 424
2 0 527 10 573
3 0 531 3 429 10 564
2 0 542 10 577
2 0 561 3 1874
2 0 565 10 582
2 0 605 10 625
2 0 637 10 737
2 0 649 10 687
2 0 671 10 726
2 0 703 10 784
3 0 774 3 2120 15 1818
3 0 816 3 2027 10 2069
2 0 828 10 863
2 0 836 10 866
2 0 842 10 876
2 0 848 10 2098
2 0 853 10 881
2 0 886 10 875
2 0 893 10 2089
2 0 978 10 965
4 0 1036 10 1032 19 596 16 874
2 0 1064 10 1089
4 0 1103 3 823 10 1128 19 654
6 0 1106 3 811 10 1119 9 658 11 627 16 934
3 0 1107 3 812 10 1120
3 0 1108 3 813 10 1121
2 0 1113 10 1130
2 0 1162 10 1332
2 0 1252 10 1270
2 0 1676 10 1676
3 0 1761 10 2674 19 3183
2 0 1799 10 1779
2 0 1803 10 1832
2 0 1806 10 315
2 0 1813 10 438
2 0 1823 10 374
2 0 1824 10 1802
2 0 1833 10 1817
2 0 1837 10 1869
2 0 1838 10 1814
2 0 1839 10 1815
2 0 1843 10 1820
2 0 1846 10 1827
2 0 1859 10 1876
2 0 1860 10 1842
2 0 1861 10 1843
2 0 1869 10 1864
2 0 1884 10 1867
2 0 1890 10 1882
2 0 1891 10 1877
2 0 1906 10 1885
2 0 1912 10 525
2 0 1914 10 1895
2 0 1922 3 410
2 0 1932 3 1847
2 0 1949 10 1926
2 0 1988 10 1979
2 0 1994 10 692
2 0 2001 10 1985
2 0 2005 10 1976
3 0 2020 3 2792 10 1996
2 0 2031 10 2860
2 0 2090 10 2046
3 0 2098 3 1943 10 2033
2 0 2106 10 2066
2 0 2124 3 2272
2 0 2125 10 2090
2 0 2206 10 961
2 0 2213 10 2144
3 0 2223 3 735 10 1000
2 0 2226 10 2150
4 0 2247 3 2072 10 2181 15 1864
2 0 2303 10 2241
2 0 2313 10 2358
2 0 2315 10 1342
2 0 2344 3 939
4 0 2371 3 2536 10 2477 11 2039
2 0 2377 10 1431
2 0 2386 10 1307
2 0 2389 10 1445
2 0 2397 10 2502
3 0 2612 3 2608 10 2594
2 0 2661 10 2666
3 0 2673 10 2645 3 2625
2 0 2677 10 3272
3 0 2694 10 2736 3 1802
2 0 2697 10 2751
2 0 2705 10 2714
2 0 2707 10 2768
2 0 2709 10 1884
2 0 2713 10 2727
2 0 2714 10 2726
2 0 2716 10 2723
5 0 2717 3 2751 9 1123 10 3301 19 1764
2 0 2721 10 2722
2 0 2725 10 2739
2 0 2726 10 2732
2 0 2730 10 2742
2 0 2739 10 2765
2 0 2745 10 1878
2 0 2755 10 1902
3 0 2756 10 3327 3 3376
3 0 2774 10 2795 3 2748
3 0 2791 3 2765 10 2813
2 0 2803 10 2839
2 0 2804 10 2831
3 0 2808 10 1987 3 1917
2 0 2810 3 1909
2 0 2827 10 2845
2 0 2851 10 2040
3 0 2852 10 2878 3 2828
2 0 2862 10 2895
2 0 2865 10 2048
2 0 2879 10 2083
3 0 2980 10 3034 9 2598
4 0 2988 3 2107 10 2228 19 1998
2 0 2994 10 3046
4 0 3012 3 2168 10 3010 19 766
2 0 3040 10 3592
2 0 3081 10 2476
2 0 3098 3 1446
2 0 3218 10 3197
2 0 3231 3 3246
3 0 3250 10 2626 3 2604
2 0 3261 10 3262
2 0 3262 10 3263
2 0 3296 10 3290
2 0 3297 10 3277
2 0 3300 10 2719
2 0 3302 10 2728
2 0 3308 10 3283
2 0 3309 10 3284
2 0 3312 10 3288
2 0 3317 10 3293
2 0 3318 10 3294
2 0 3322 10 3304
2 0 3333 10 2785
2 0 3346 10 3317
3 0 3359 10 3320 3 2752
2 0 3360 10 3321
2 0 3365 10 3326
2 0 3376 10 3342
2 0 3380 10 3362
4 0 3392 10 3370 9 3060 11 3127
2 0 3434 3 3437
2 0 3445 10 3399
2 0 3471 10 3410
2 0 3474 10 3417
2 0 3478 10 3427
2 0 3570 10 3547
3 0 3697 3 3712 10 3646
2 0 3714 3 3715
2 0 3726 10 3245
2 0 3730 10 3705
2 0 3731 10 3700
7 0 3740 10 3721 3 3768 9 2769 11 3088 19 3674 16 3112
2 0 3747 10 3711
2 0 3748 10 3712
2 0 3750 10 3713
2 0 3754 10 3729
2 0 3756 10 3719
2 0 3757 10 3720
2 0 3758 10 3313
10 0 3759 3 3782 10 3746 15 3562 16 3496 19 3955 8 3739 17 3796 6 4259 18 3604
2 0 3766 10 3726
4 0 3770 10 3756 3 3786 9 2430
2 0 3775 10 3316
3 0 3776 3 3343 10 3732
3 0 3784 10 3739 3 3349
2 0 3786 10 3325
2 0 3791 10 3336
2 0 3799 10 3757
2 0 3800 10 3786
2 0 3808 10 3791
2 0 3810 10 3789
2 0 3811 10 3792
2 0 3815 10 4058
2 0 3816 10 3769
2 0 3821 10 3780
2 0 3822 10 3783
3 0 3826 3 3417 10 3384
2 0 3827 10 3406
2 0 3828 10 3386
2 0 3835 10 3797
2 0 3844 10 3387
2 0 3851 3 3444
2 0 3854 10 3814
3 0 3856 10 3819 3 3443
2 0 3857 10 4075
2 0 3861 10 3821
2 0 3862 10 3822
2 0 3875 10 3831
2 0 3888 10 3456
2 0 3898 10 3895
3 0 3901 10 3475 3 2899
2 0 3904 10 3898
2 0 3915 10 3907
2 0 3940 10 3549
3 0 3989 10 3983 3 4022
2 0 3990 10 3986
2 0 4006 10 4135
2 0 4012 10 4015
3 0 4014 10 4026 3 4073
4 0 4019 3 4074 10 4032 19 3951
2 0 4025 10 3715
2 0 4026 10 3716
13 0 4028 3 4076 10 4034 15 3557 16 3491 19 3953 5 4727 17 3787 11 3101 6 4562 8 3734 9 2393 18 3594
2 0 4031 10 4024
12 0 4038 3 4082 10 4040 11 3368 15 3884 16 3765 19 3959 9 3043 17 4096 8 3743 6 4576 18 4040
2 0 4041 10 4031
2 0 4046 10 3735
2 0 4047 10 3736
2 0 4050 10 4039
2 0 4052 10 4042
3 0 4054 10 4048 9 3055
3 0 4055 10 4044 9 2092
2 0 4057 10 4050
2 0 4060 10 3781
2 0 4066 10 4049
2 0 4075 10 3800
2 0 4084 10 4061
2 0 4095 10 3830
3 0 4103 10 4073 3 3825
2 0 4110 10 4201
2 0 4134 10 3942
2 0 4137 10 3533
2 0 4175 10 4142
2 0 4182 10 4011
2 0 4183 10 4150
2 0 4186 10 4154
2 0 4188 10 4152
2 0 4203 10 4178
2 0 4204 10 4182
2 0 4213 10 4188
2 0 4222 10 4197
2 0 4250 10 4220
2 0 4254 10 4132
2 0 4256 10 4149
4 0 4260 10 4232 3 4407 19 4294
2 0 4264 10 4155
2 0 4265 10 4160
2 0 4266 10 4161
2 0 4268 10 4239
2 0 4270 10 4245
2 0 4273 10 4251
2 0 4274 10 4246
3 0 4280 10 4250 3 4245
2 0 4281 10 4177
3 0 4295 10 4264 3 4271
2 0 4316 10 4288
2 0 4319 10 4290
2 0 4325 10 4237
2 0 4326 10 4292
2 0 4330 10 4298
2 0 4332 10 4296
2 0 4337 10 4306
3 0 4342 10 4310 3 4358
2 0 4362 10 4244
2 0 4364 10 4330
2 0 4370 3 4418
2 0 4371 10 4335
2 0 4376 10 4343
2 0 4383 10 4336
2 0 4389 10 4345
2 0 4391 10 4362
2 0 4393 10 4366
2 0 4396 10 4369
2 1 30 4 1940
2 1 57 13 1874
2 1 71 18 445
2 1 159 6 2032
2 1 215 4 2074
4 1 220 4 131 13 156 18 1791
3 1 244 4 172 13 192
2 1 248 6 272
2 1 256 13 193
2 1 270 18 1837
5 1 271 6 304 8 224 18 1834 13 1771
8 1 289 4 223 18 1844 6 2122 8 239 17 1788 15 1582 16 1582
2 1 301 13 236
5 1 303 4 246 13 233 18 1862 8 258
2 1 388 13 312
3 1 394 13 314 18 334
3 1 474 6 3189 13 702
2 1 485 18 2203
2 1 526 13 427
2 1 562 4 495
2 1 578 4 790
2 1 625 6 373
2 1 626 13 2149
2 1 762 8 681
2 1 775 18 703
2 1 789 4 895
2 1 885 6 1129
4 1 891 4 1098 6 2567 8 1217
4 1 892 4 1099 6 2568 8 1218
2 1 933 4 1043
3 1 950 4 1046 13 2169
3 1 960 13 1093 4 1138
2 1 996 4 1175
3 1 1015 18 1315 6 1268
2 1 1029 4 1196
2 1 1033 13 1154
2 1 1035 4 1116
2 1 1096 6 2726
3 1 1139 4 2404 13 1013
3 1 1140 4 2405 13 1014
2 1 1427 13 1297
2 1 1665 6 2940
2 1 1762 18 405
3 1 1763 4 1935 13 2724
2 1 1768 4 1949
2 1 1769 4 1950
2 1 1772 8 1880
2 1 1773 13 1850
2 1 1774 4 1955
4 1 1776 8 1909 13 1864 18 1969
3 1 1786 8 1926 18 1984
2 1 1873 4 428
2 1 1887 6 3123
2 1 1904 4 1845
2 1 1905 13 2018
3 1 1915 4 2091 13 2864
2 1 1919 4 494
2 1 1925 13 408
2 1 1927 4 500
2 1 1930 4 3050
2 1 1931 13 1782
2 1 1932 18 225
2 1 1934 13 2044
2 1 1949 4 2118
2 1 1975 6 3770
2 1 1990 4 1922
2 1 1997 4 320
5 1 2077 4 1971 13 1883 18 1966 8 447
2 1 2119 4 782
3 1 2120 4 2175 13 2097
4 1 2136 4 2991 18 530 13 2809
2 1 2146 4 822
3 1 2223 4 3052 13 2860
3 1 2233 4 2217 13 2900
4 1 2234 18 3241 4 2277 8 3485
2 1 2283 13 2243
2 1 2284 13 2244
2 1 2294 8 3063
2 1 2354 13 2120
2 1 2366 4 2339
2 1 2370 13 2134
2 1 2382 4 1042
2 1 2413 8 3254
2 1 2437 4 1131
2 1 2459 4 2375
3 1 2504 8 2530 13 2430
3 1 2552 4 2498 13 1129
2 1 2655 4 2597
2 1 2724 4 2668
2 1 2828 13 2595
2 1 2830 13 3219
3 1 2881 18 1938 8 420
4 1 2887 8 2795 13 1859 18 2998
3 1 2902 13 2734 8 2804
2 1 2907 13 2839
2 1 2909 13 2748
2 1 2913 4 337
2 1 2914 4 338
2 1 2933 13 2820
2 1 2936 4 2904
6 1 2953 13 1759 4 1849 6 2101 8 205 18 1820
2 1 2963 4 2858
2 1 2970 4 2016
3 1 2971 4 2869 13 1786
3 1 2986 4 2876 13 1806
2 1 2994 13 2701
3 1 3054 4 2919 13 2731
2 1 3068 4 2940
2 1 3071 4 3575
3 1 3078 4 3579 13 3365
2 1 3104 13 1922
6 1 3118 4 3598 6 2356 13 2813 18 3048 8 1954
3 1 3119 13 2826 4 3011
2 1 3163 4 2218
2 1 3184 4 2242
2 1 3208 4 3174
4 1 3248 4 2383 13 3045 6 3420
7 1 3249 8 3087 13 3046 18 3307 6 3421 17 3099 4 2384
2 1 3251 13 2945
2 1 3274 4 2370
2 1 3293 4 3727
2 1 3296 4 3221
2 1 3362 4 3279
3 1 3475 4 2651 13 2501
2 1 3612 13 392
2 1 3642 4 1963
4 1 3657 4 2848 13 2667 18 2895
2 1 3659 4 3512
2 1 3663 18 1833
2 1 3678 4 3067
2 1 3679 13 3318
4 1 3680 13 3327 4 2894 8 2740
2 1 3693 4 3546
2 1 3718 13 2744
6 1 3742 4 3090 6 4295 13 2925 18 3739 8 3829
6 1 3748 4 4022 6 4314 13 3814 18 4082 17 3842
2 1 3763 4 3134
4 1 3768 4 3137 6 4628 13 3473
2 1 3777 6 4641
2 1 3784 4 3638
3 1 3788 6 4642 8 3878
5 1 3789 8 3879 18 3790 17 4188 6 4643
3 1 3819 18 3810 6 4364
2 1 3858 13 3489
3 1 3938 13 3564 4 3819
2 1 3950 13 3566
2 1 3958 4 3825
2 1 3960 4 4174
2 1 3977 13 3167
4 1 4063 13 3776 18 4061 8 3767
2 1 4089 4 4025
4 1 4098 18 3556 4 2850 13 2673
3 1 4100 4 4037 13 3830
2 1 4102 4 3964
3 1 4125 4 3987 13 3771
3 1 4141 4 3996 13 3775
2 1 4149 13 3778
3 1 4155 4 4008 13 3779
2 1 4157 4 4305
6 1 4163 4 4009 6 4599 13 3783 18 4348 8 3759
7 1 4171 18 4354 13 3802 17 3834 15 3595 16 3533 19 3313
3 1 4175 4 4024 13 3815
3 1 4181 4 3656 13 3415
2 1 4185 4 4029
2 1 4186 13 3820
2 1 4190 18 3073
2 1 4192 18 4408
2 1 4216 13 3849
2 1 4234 4 4353
2 1 4237 4 4086
2 1 4239 4 3714
2 1 4242 13 3868
2 1 4251 13 3488
2 1 4266 4 4103
2 1 4298 4 4148
3 1 4312 4 4170 13 3568
3 1 4319 4 4173 13 3571
2 1 4326 13 4197
2 1 4330 4 4198
2 1 4347 4 3858
3 1 4409 4 4319 13 4086
2 1 4414 4 4469
2 1 4464 13 4113
2 1 4467 18 3707
3 1 4472 4 4368 6 4914
2 1 4482 4 4364
3 1 4489 4 4510 13 4131
3 1 4503 4 4133 13 4178
2 1 4505 4 4372
2 1 4507 4 4373
2 1 4514 4 4384
2 1 4549 6 4415
2 1 4584 4 4488
2 1 4602 4 4639
7 1 4609 4 4484 6 4889 8 4246 13 4255 18 4515 17 4098
5 1 4621 4 4490 13 4265 18 4524 6 4794
3 1 4622 4 4491 13 4266
2 1 4623 4 4492
8 1 4626 4 4493 6 4798 13 4267 18 4528 8 4257 17 4294 15 3901
2 1 4629 4 4595
2 1 4634 13 4280
6 1 4637 6 4916 13 4299 8 4383 17 4436 18 4574
3 1 4638 6 4981 8 4433
2 1 4639 13 4285
4 1 4640 4 4524 13 4300 18 4710
6 1 4641 13 4303 4 4382 6 4918 17 4437 5 5485
7 1 4642 6 4919 13 4304 17 4438 18 4665 4 4383 5 5486
3 1 4644 4 4521 13 4288
2 1 4649 8 4369
2 1 4655 13 4306
2 1 4659 13 4297
3 1 4669 13 4311 4 4539
2 1 4672 4 4550
7 1 4675 4 4543 13 4180 18 4433 8 4143 6 4832 17 4196
2 1 4693 6 4734
2 1 4707 4 4597
2 1 4708 4 4599
2 1 4710 4 4496
7 1 4714 4 4585 13 4359 18 4634 6 4963 8 4353 17 4375
6 1 4720 13 4364 18 4643 6 4900 8 4360 17 4380
3 1 4725 4 4511 13 4123
2 1 4734 4 4532
3 1 4743 4 4617 13 4390
2 1 4757 4 4673
2 1 4761 4 4644
2 1 4762 4 4645
2 1 4767 4 4648
7 1 4775 4 4641 13 4421 18 4700 6 4964 8 4354 17 4376
2 1 4777 4 4646
2 1 4781 4 4661
4 1 4787 4 4618 13 4386 18 4573
2 1 4794 4 4668
2 1 4814 13 4457
3 1 4823 4 4716 13 4467
6 1 4826 18 4758 8 4466 13 4471 17 4493 4 4718
2 1 4836 4 4709
2 1 4842 13 4482
2 1 4851 13 4483
2 1 4855 4 4739
2 1 4870 4 4749
3 2 157 7 137 12 101
2 2 164 7 146
2 2 165 7 148
2 2 175 7 155
3 2 198 7 1574 12 122
3 2 212 12 135 7 181
2 2 232 7 200
2 2 235 7 1604
4 2 417 7 407 12 1640 14 479
2 2 431 7 420
2 2 438 12 377
2 2 441 7 428
2 2 442 12 1659
2 2 454 7 433
3 2 530 7 535 12 439
2 2 533 14 560
2 2 596 7 608
2 2 738 7 767
2 2 746 12 746
2 2 747 12 747
2 2 761 7 1998
2 2 789 12 700
2 2 801 12 709
3 2 814 12 1878 14 808
5 2 883 7 2115 12 1934 14 886 9 610
3 2 886 7 2939 12 808
2 2 897 7 997
3 2 902 12 1988 14 1019
2 2 1011 12 914
2 2 1151 12 1122
2 2 1176 12 1230
2 2 1209 12 2191
2 2 1234 12 1204
2 2 1244 7 1319
3 2 1249 12 2175 7 3053
3 2 1250 12 1270 14 1410
2 2 1401 12 1409
3 2 1486 12 1435 14 1558
4 2 1488 7 1533 12 1444 14 161
2 2 1496 12 93
2 2 1503 12 1469
2 2 1522 7 1568
2 2 1570 7 202
2 2 1588 7 1645
3 2 1644 7 1710 12 1602
3 2 1668 7 2648 12 1618
2 2 1676 7 1739
2 2 1678 14 450
3 2 1697 7 2682 12 1638
2 2 1723 7 436
3 2 1734 7 1815 12 1661
2 2 1771 12 1708
2 2 1788 7 1859
2 2 1798 7 1874
2 2 1800 7 1876
2 2 1802 12 1727
2 2 1829 12 512
2 2 1901 12 631
2 2 1911 12 672
2 2 1917 7 2008
2 2 1919 7 2859
2 2 1920 12 789
2 2 1932 7 1984
3 2 1933 7 1985 12 1938
2 2 1950 7 3419
3 2 1960 7 2036 12 2687
2 2 1969 7 2048
2 2 1981 12 1974
2 2 1992 12 858
5 2 1997 12 1975 14 2900 9 2162 11 1790
5 2 1998 12 1976 14 2901 9 2163 11 1791
2 2 2007 12 1985
2 2 2021 12 1994
2 2 2025 12 1965
4 2 2047 7 1037 12 887 14 2122
2 2 2061 7 1063
2 2 2062 7 1064
4 2 2069 12 1991 14 2110 9 1500
3 2 2074 12 906 14 958
2 2 2237 7 2352
3 2 2359 12 1417 14 1534
2 2 2448 12 2356
2 2 2449 12 2357
4 2 2458 7 2559 14 2591 12 2368
3 2 2459 12 2370 14 2590
3 2 2461 7 2560 12 2372
2 2 2462 7 1582
4 2 2478 7 2578 12 2393 14 1658
2 2 2535 12 2464
2 2 2546 7 2655
3 2 2547 12 2467 7 2662
2 2 2552 7 1754
2 2 2568 7 2687
3 2 2569 7 2688 12 2488
3 2 2570 7 1780 12 2486
3 2 2608 7 2724 12 2507
3 2 2611 7 3310 12 2516
3 2 2618 12 2521 14 1818
3 2 2619 7 2736 14 1819
2 2 2630 7 3326
2 2 2684 7 3384
2 2 2690 12 2614
2 2 2761 7 3462
2 2 2765 12 2743
5 2 2766 7 2972 12 2717 14 2116 9 1512
2 2 2767 12 2744
3 2 2789 12 2732 14 2120
2 2 2801 12 2035
2 2 2823 12 2827
3 2 2842 7 2270 12 3701
2 2 2937 7 3582
5 2 3016 7 3166 12 3012 14 3145 9 1821
4 2 3017 7 3167 12 3013 14 3146
3 2 3031 12 3020 14 3157
5 2 3033 7 3181 12 3028 14 2568 9 1102
3 2 3036 7 2548 12 2355
3 2 3041 7 3186 12 3035
2 2 3055 7 3197
2 2 3058 12 3537
2 2 3072 7 2609
4 2 3093 12 3103 14 3211 9 2432
2 2 3094 12 3104
3 2 3103 7 3251 14 1747
3 2 3104 12 3117 14 3217
2 2 3120 7 3262
4 2 3122 12 3130 14 3224 9 2450
3 2 3133 7 3727 12 3575
2 2 3134 7 3303
3 2 3136 7 3305 12 3157
2 2 3140 7 2737
2 2 3148 12 3590
2 2 3191 12 3213
2 2 3217 7 3401
2 2 3229 7 3785
2 2 3236 12 3655
2 2 3336 7 2259
3 2 3434 7 3639 12 3506
2 2 3439 7 3645
2 2 3467 12 3548
4 2 3471 7 3961 12 3826 14 3609
4 2 3481 7 3974 12 3834 14 3866
3 2 3483 7 3976 12 3566
3 2 3484 7 3977 12 3567
2 2 3494 7 3729
2 2 3496 12 3843
2 2 3497 7 3734
2 2 3498 14 3641
2 2 3501 7 3995
5 2 3508 12 3594 14 3893 11 3164 9 2854
3 2 3531 7 4022 12 3230
2 2 3537 7 3777
3 2 3542 12 3641 7 3787
2 2 3552 14 3363
2 2 3556 12 3271
2 2 3566 12 3285
2 2 3589 7 4051
2 2 3602 12 3708
3 2 3603 7 3835 12 3913
2 2 3611 12 3702
2 2 3614 7 3844
2 2 3620 7 3858
2 2 3624 7 4077
2 2 3627 7 4091
3 2 3637 7 3869 12 3740
2 2 3645 14 4139
2 2 3655 12 3722
2 2 3687 14 3821
2 2 3695 14 2559
3 2 3709 7 3943 12 3979
3 2 3725 7 3966 12 3827
2 2 3726 7 3968
4 2 3733 7 3971 12 3832 14 3862
2 2 3734 7 3973
2 2 3735 7 4146
2 2 3737 7 3978
2 2 3738 7 4223
3 2 3741 7 3991 12 3839
2 2 3752 7 3339
2 2 3755 7 4006
2 2 3764 7 4028
2 2 3768 7 4031
2 2 3777 12 3888
2 2 3785 12 3915
2 2 3786 12 4041
3 2 3791 7 4062 12 3914
3 2 3794 12 3918 14 3757
2 2 3797 12 3697
2 2 3805 7 4079
2 2 3806 7 4075
2 2 3807 12 3709
2 2 3866 12 3991
4 2 3869 7 4144 12 3992 14 4017
3 2 3870 7 4147 14 4020
4 2 3873 12 3997 14 4023 9 3227
4 2 3874 12 3998 14 4024 7 3982
3 2 3876 7 3990 12 3999
4 2 3877 7 4157 12 4003 14 4031
6 2 3881 7 4160 12 4008 14 4033 9 3234 11 3406
2 2 3882 7 4240
2 2 3885 12 4094
3 2 3886 12 4011 14 4037
5 2 3899 12 4031 14 4119 9 3359 11 3579
2 2 3905 12 4044
2 2 3911 7 4188
2 2 3914 12 4049
3 2 3945 7 4215 12 4075
2 2 3948 7 4216
2 2 3949 12 4136
3 2 3954 12 4083 14 4091
2 2 3958 7 4227
6 2 3961 7 4231 12 4090 14 4100 9 3342 11 3672
3 2 3964 7 4236 12 4153
2 2 3965 7 4238
2 2 3966 7 4239
2 2 3967 7 4237
2 2 3975 12 4016
2 2 3977 12 4019
2 2 3980 7 4303
2 2 3981 7 4304
2 2 3985 12 4160
3 2 4000 7 4278 12 4137
3 2 4001 7 4279 12 4138
3 2 4006 7 4280 12 4140
2 2 4007 12 4141
2 2 4008 12 4142
6 2 4010 7 4225 12 4144 14 4188 9 3440 11 3736
3 2 4012 12 4146 7 4284
3 2 4013 7 4285 12 4147
3 2 4014 7 4286 12 4148
4 2 4015 7 4287 12 4149 14 4159
2 2 4030 12 4179
2 2 4033 12 4105
2 2 4034 12 4109
3 2 4038 7 4306 12 4184
4 2 4040 7 4307 12 4161 14 4175
2 2 4048 7 4316
3 2 4050 7 4318 12 4174
2 2 4055 14 4200
2 2 4057 12 4113
2 2 4058 12 4183
2 2 4060 7 4335
3 2 4062 7 4337 12 4202
3 2 4063 7 4339 12 4193
3 2 4065 12 4197 14 4224
3 2 4075 7 4351 12 4208
2 2 4081 7 4350
2 3 76 19 1689
3 3 101 19 74 8 489
2 3 118 19 1616
2 3 172 10 1752
2 3 193 19 133
2 3 195 19 153
2 3 316 10 247
2 3 350 19 426
2 3 418 10 1924
2 3 439 16 538
2 3 454 10 641
2 3 455 10 642
2 3 675 10 861
2 3 721 10 2142
2 3 726 10 1006
2 3 737 11 560
3 3 738 11 572 9 591
5 3 743 19 590 11 1663 15 501 16 864
2 3 755 10 2174
2 3 757 10 1036
3 3 758 9 603 11 574
2 3 762 9 1460
2 3 791 16 909
4 3 828 10 2227 16 944 19 646
2 3 944 10 1246
2 3 957 10 2340
2 3 1054 9 771
2 3 1414 15 2236
2 3 1474 19 1389
2 3 1486 9 916
3 3 1525 9 947 11 935
2 3 1657 10 1634
2 3 1707 19 131
2 3 1712 15 218
2 3 1727 19 1659
2 3 1777 10 1732
2 3 1782 19 1803
2 3 1793 10 1748
2 3 1803 10 290
2 3 1810 10 301
2 3 1819 10 2725
2 3 1842 19 1867
2 3 1864 10 1946
2 3 1884 10 1922
2 3 1890 19 408
2 3 1926 10 1988
2 3 1936 10 2002
2 3 1947 19 503
2 3 1979 19 2809
4 3 1995 9 596 10 2084 19 1921
4 3 1997 15 1769 19 1856 17 488
7 3 1998 11 1601 15 1770 16 1959 19 1857 9 2071 17 489
2 3 2005 19 561
4 3 2045 9 1453 10 2147 11 544
7 3 2051 9 2095 11 2360 15 1814 16 2013 5 796 19 1942
7 3 2056 9 2099 10 2165 11 1647 16 848 15 482 19 579
4 3 2066 9 2107 10 2952 19 1961
4 3 2081 16 2062 19 1981 15 559
6 3 2085 9 1509 10 2195 11 1686 16 2058 19 636
7 3 2086 9 1510 10 2196 11 1687 15 1874 16 2059 19 637
2 3 2106 16 948
3 3 2109 9 670 19 1994
2 3 2132 19 2004
5 3 2137 15 1825 19 2057 16 2697 17 2046
2 3 2180 15 587
2 3 2198 19 781
2 3 2199 10 3048
2 3 2519 16 2360
2 3 2601 10 2628
2 3 2602 10 2629
3 3 2615 10 2606 19 3220
2 3 2621 10 3228
4 3 2622 19 2586 8 2799 18 3037
2 3 2634 10 3210
3 3 2653 19 3669 10 207
2 3 2658 19 1633
2 3 2665 19 1654
2 3 2691 19 2685
2 3 2704 11 578
2 3 2724 10 1772
2 3 2772 10 2835
2 3 2804 10 2877
2 3 2841 19 1915
6 3 2842 10 2027 15 3219 8 2811 17 3403 18 3036
2 3 2844 10 2898
5 3 2852 11 2373 15 1841 19 2747 9 2105
4 3 2855 10 3429 11 1654 9 2102
2 3 2857 15 1844
2 3 2858 15 1845
8 3 2869 10 2974 19 2760 15 2700 5 3693 9 2901 11 2857 16 3288
2 3 2879 19 1979
5 3 2886 10 3464 19 2770 15 1891 16 2065
2 3 2900 10 2131
2 3 2902 10 2138
3 3 2948 10 3529 19 2040
2 3 2954 19 2048
3 3 2956 10 3903 19 2049
2 3 2972 19 2069
3 3 3001 15 695 19 845
3 3 3118 10 3577 19 2379
2 3 3152 10 3109
3 3 3220 10 3671 19 2595
2 3 3221 10 3216
2 3 3248 10 3202
2 3 3249 10 3203
2 3 3271 10 3268
2 3 3272 10 3269
2 3 3280 19 3675
2 3 3290 19 3261
2 3 3339 9 2600
2 3 3347 15 3582
5 3 3353 9 1874 11 2174 19 3260 15 2570
2 3 3356 10 3345
2 3 3409 10 3379
2 3 3432 10 3412
2 3 3461 19 3340
2 3 3491 19 2797
2 3 3495 10 3873
2 3 3500 19 2038
2 3 3659 19 3574
2 3 3703 19 3167
2 3 3705 10 3217
3 3 3710 19 3625 17 3823
2 3 3758 19 3958
2 3 3762 19 3668
3 3 3769 10 3725 19 3251
5 3 3777 9 3080 11 3395 15 3587 16 3817
2 3 3781 19 3688
6 3 3794 9 2825 11 3383 14 3622 15 3597 5 4290
7 3 3795 10 3778 11 3384 15 3598 16 3792 17 3833 8 3370
8 3 3796 15 3902 19 3982 8 4064 16 3794 17 4110 6 4608 18 4361
2 3 3797 10 3784
5 3 3798 15 3220 16 3537 9 2824 11 3129
2 3 3802 19 3713
4 3 3810 16 3546 19 3721 8 2825
2 3 3829 10 3859
2 3 3832 19 3354
2 3 3842 10 3855
2 3 3867 11 1736
2 3 3911 19 3462
2 3 4017 19 3618
3 3 4059 19 4134 16 3992
2 3 4061 10 4020
2 3 4063 11 3389
2 3 4072 19 3949
2 3 4090 19 3700
6 3 4101 10 4174 19 3988 15 3906 16 3798 17 4113
2 3 4103 10 4056
2 3 4115 15 3256
2 3 4146 16 4014
2 3 4214 19 3911
2 3 4222 10 4124
2 3 4226 10 4146
3 3 4231 19 4118 15 4049
4 3 4236 15 3891 19 4130 9 3229
6 3 4252 15 3903 5 5085 17 4111 8 4063 16 3965
2 3 4262 16 3957
2 3 4301 9 3302
2 3 4315 10 4228
5 3 4331 15 4054 16 3974 19 4125 5 5074
3 3 4343 16 4060 19 4234
2 3 4353 10 4307
8 3 4355 10 4311 15 4083 19 4147 5 5298 11 3577 16 3995 9 3363
2 3 4365 19 4254
2 3 4366 19 4176
2 3 4374 19 4180
2 3 4376 10 4263
2 3 4378 19 4263
2 3 4394 10 4278
2 3 4410 16 4125
2 3 4411 16 4126
2 3 4448 19 4336
2 3 4454 19 4341
2 3 4470 10 4351
2 3 4471 10 4352
3 4 9 18 56 8 97
3 4 11 13 12 8 86
2 4 26 13 1669
2 4 34 13 1676
2 4 47 13 58
2 4 73 13 80
2 4 75 13 83
2 4 76 13 85
2 4 88 13 92
2 4 113 13 55
2 4 115 13 120
2 4 132 13 69
2 4 170 13 179
2 4 195 13 128
2 4 198 13 133
2 4 227 13 223
2 4 235 13 175
2 4 283 13 211
2 4 322 13 316
2 4 410 13 387
2 4 502 13 412
2 4 598 13 501
2 4 656 18 582
2 4 661 18 585
2 4 701 13 616
2 4 727 13 621
2 4 746 13 628
2 4 766 13 647
2 4 839 13 704
2 4 861 13 724
2 4 883 13 883
2 4 1066 13 935
2 4 1160 13 2320
3 4 1213 13 1201 18 3352
2 4 1721 13 1578
2 4 1729 13 1618
2 4 1811 13 1705
2 4 1825 13 1726
3 4 1830 13 155 8 166
2 4 1831 13 1683
2 4 1835 13 1690
2 4 1836 13 1743
2 4 1843 13 1752
4 4 1853 18 2911 8 2692 17 2718
2 4 1855 13 135
2 4 1866 13 1733
2 4 1869 13 1736
2 4 1907 13 1783
2 4 1921 13 1833
2 4 1923 13 1836
3 4 2032 13 1942 18 526
2 4 2109 13 2874
2 4 2112 13 1974
3 4 2116 18 2130 17 540
2 4 2147 13 2015
2 4 2150 13 650
2 4 2159 13 2908
2 4 2241 13 748
2 4 2311 13 983
2 4 2776 13 2569
5 4 2814 18 3531 8 2663 13 2628 17 2685
2 4 2849 13 2672
2 4 2851 13 2644
2 4 2852 13 2675
2 4 2862 13 1723
2 4 2891 13 1818
2 4 2911 18 1932
3 4 2916 13 2730 18 1954
4 4 2948 13 2776 18 3014 8 1918
2 4 2961 13 1919
2 4 2964 13 2787
2 4 2970 13 1930
2 4 2975 13 1890
2 4 3017 13 2828
2 4 3051 13 2821
2 4 3064 13 2895
2 4 3088 13 2872
2 4 3098 13 2873
2 4 3101 13 2891
2 4 3143 13 2971
2 4 3184 13 3496
2 4 3329 13 3092
2 4 3452 13 3208
2 4 3457 13 3199
2 4 3497 13 3266
2 4 3501 13 3740
2 4 3511 13 3278
2 4 3515 13 3279
2 4 3522 13 3284
2 4 3523 13 3286
2 4 3526 13 3306
2 4 3531 13 3321
2 4 3568 13 3784
2 4 3584 13 3808
2 4 3585 13 3372
2 4 3587 18 3658
7 4 3595 13 3382 18 4078 17 3840 15 3602 16 3538 19 3715
2 4 3661 13 2886
2 4 3691 13 2923
2 4 3722 13 3505
2 4 3735 13 3506
2 4 3743 13 3523
2 4 3893 13 3653
5 4 3934 13 3713 18 3984 8 3695 17 3753
2 4 3944 13 3717
2 4 3950 13 4047
2 4 3951 13 4048
2 4 3958 13 3298
2 4 3961 13 3283
2 4 3967 13 3312
2 4 3973 13 3760
2 4 4047 13 3404
2 4 4058 13 3408
2 4 4094 13 3476
2 4 4140 13 3919
2 4 4162 13 3923
5 4 4235 13 3977 18 4466 8 4178 17 4232
2 4 4283 13 4036
2 4 4286 13 4043
2 4 4287 13 4044
2 4 4316 13 3781
2 4 4330 13 4100
2 4 4365 13 3863
2 4 4465 13 4238
2 4 4483 13 4358
2 4 4573 13 4236
2 4 4580 13 4353
2 4 4581 13 4356
2 4 4598 13 4272
2 4 4609 13 4286
3 4 4740 18 4775 8 4503
2 4 4750 13 4518
2 5 53 17 60
3 5 126 15 1501 16 1760
2 5 138 15 24
2 5 151 15 52
3 5 177 15 63 17 139
2 5 184 17 141
2 5 197 15 1549
2 5 202 15 1554
2 5 280 17 2733
3 5 328 15 176 19 1724
3 5 432 17 369 19 42
2 5 675 17 2025
2 5 767 17 2081
3 5 788 15 1813 16 2012
3 5 805 15 473 19 423
5 5 819 15 493 16 855 19 1952 11 576
2 5 833 17 2073
2 5 872 15 529
2 5 875 16 941
6 5 899 15 2708 17 2097 19 2019 6 2197 8 2090
2 5 2086 19 3141
2 5 2165 17 99
3 5 2168 15 1503 16 1764
2 5 2189 15 1521
2 5 2196 15 2530
2 5 2202 17 1767
5 5 2219 15 114 9 305 11 1448 14 1739
5 5 2235 15 2569 16 1616 19 3259 11 2173
2 5 2236 17 1790
2 5 2300 16 2651
2 5 2364 17 1880
2 5 2503 15 1746
3 5 2521 17 1991 19 1869
2 5 2535 19 1927
3 5 2561 15 1800 19 1903
4 5 2586 15 1824 16 2023 19 1947
2 5 2594 16 2032
2 5 2595 17 680
4 5 2602 15 2691 16 2782 19 2748
2 5 2622 16 2061
2 5 2623 15 504
2 5 2626 15 523
4 5 2669 15 1880 16 2815 19 1990
4 5 2670 15 1881 16 2816 19 1991
2 5 2671 15 570
2 5 2687 17 2118
2 5 2694 17 2133
2 5 2705 15 583
2 5 2900 15 2079
2 5 3438 17 2697
2 5 3443 15 1513
2 5 3448 17 2709
3 5 3453 15 2524 17 2703
2 5 3459 17 2710
4 5 3508 16 2650 19 3650 15 3556
5 5 3544 15 1627 19 1586 9 386 14 583
2 5 3557 19 2592
2 5 3580 19 161
2 5 3622 17 2021
6 5 3625 15 2653 16 2745 8 2836 11 2315 17 2830
6 5 3626 15 2654 16 2746 8 2837 11 2316 17 2831
2 5 3648 17 2871
3 5 3652 15 2686 16 3225
4 5 3663 15 2683 16 2772 19 2740
4 5 3709 17 3474 8 3449 18 3753
2 5 3726 17 2885
2 5 4218 15 3122
2 5 4222 15 3527
3 5 4223 17 2715 8 206
2 5 4232 17 2726
2 5 4239 15 3144
3 5 4249 15 3551 16 3540
4 5 4256 15 3153 19 3653 16 3202
7 5 4260 16 3206 17 3363 15 3156 8 3347 19 3667 6 4198
5 5 4270 19 3165 10 3190 11 2797 14 3642
2 5 4321 19 3300
6 5 4324 15 3232 16 3259 17 3419 19 3298 11 3163
3 5 4331 17 3865 15 3236
2 5 4332 17 3437
4 5 4343 15 3251 9 2887 11 3179
2 5 4373 17 3878
2 5 4698 17 3762
2 5 4706 17 3764
2 5 4711 17 3769
2 5 4712 15 3530
2 5 4713 15 3531
2 5 4714 15 3532
4 5 4717 15 3541 9 2819 14 3854
6 5 4721 17 3341 8 3326 15 3548 6 4250 16 3486
3 5 4742 15 3555 17 3791
2 5 4743 17 3792
4 5 4746 15 3878 16 3547 19 4115
2 5 4777 17 3825
2 5 4792 17 3859
2 5 4796 17 3850
2 5 4801 15 3609
2 5 4804 17 4133
4 5 4805 15 3252 16 3275 19 3310
3 5 4815 15 3619 17 3874
4 5 4818 15 3622 16 3840 19 3716
2 5 4821 15 3626
2 5 4823 17 3876
3 5 4825 15 3932 19 4155
3 5 4860 19 3770 15 3657
2 5 4954 17 3992
2 5 5046 15 3859
2 5 5047 15 3860
2 5 5048 17 4080
2 5 5056 15 3864
4 5 5058 15 3545 16 3744 19 3941
5 5 5062 17 4092 6 4774 8 3729 18 4506
5 5 5070 17 4104 11 3393 9 3074 19 4101
4 5 5076 16 3954 17 3809 8 3752
2 5 5079 17 4103
5 5 5088 15 3911 16 3827 17 4123 19 3961
5 5 5089 15 3912 16 3828 17 4124 19 3962
6 5 5090 15 3914 16 3988 17 4125 19 3964 8 3780
6 5 5093 15 3916 16 3829 19 3960 11 3411 17 3848
3 5 5094 15 3917 16 3830
5 5 5114 17 3875 8 3803 6 4573 18 4111
2 5 5115 17 4140
2 5 5120 15 3936
4 5 5123 15 3642 16 3292 19 3971
4 5 5133 15 4098 17 4153 19 4173
5 5 5135 17 4152 6 4296 8 3826 18 4139
4 5 5136 17 3897 18 3744 13 2943
7 5 5139 17 4160 19 4175 8 3833 18 3747 15 3943 6 4311
2 5 5254 17 4277
5 5 5273 15 4051 16 3972 19 4124 11 3667
6 5 5288 15 4070 16 3984 17 4121 19 4135 11 3675
6 5 5289 15 4071 16 4070 17 4297 8 4071 19 4140
6 5 5290 15 4072 16 4071 17 4298 19 4139 8 4072
5 5 5297 17 4135 6 4565 8 3795 18 4107
2 5 5305 15 4179
3 5 5307 15 4181 16 4001
3 5 5351 15 4207 17 4224
3 5 5385 17 4365 8 4228
5 5 5402 17 4385 6 4906 8 4361 18 4646
2 5 5404 15 4172
2 5 5414 15 4226
2 5 5415 17 4430
2 5 5453 17 4412
2 5 5456 17 4413
5 5 5465 15 4223 17 4424 19 4300 8 4417
4 5 5468 16 4140 17 4425 15 4257
4 5 5469 15 4224 16 4138 19 4339
4 5 5470 15 4258 17 4426 8 4421
2 5 5473 17 4393
2 5 5476 15 4228
2 5 5480 15 4190
3 5 5550 15 4307 19 4371
3 5 5552 15 4308 17 4480
2 5 5557 17 4505
2 5 5574 17 4514
2 5 5575 17 4515
2 6 298 13 208
3 6 305 8 1778 13 210
2 6 340 17 653
4 6 443 8 730 17 2095 18 735
2 6 452 18 748
2 6 647 18 2965
2 6 750 8 540
2 6 908 18 1049
2 6 1086 8 1167
3 6 1159 8 1230 17 2391
2 6 1161 17 1230
2 6 1249 8 1275
2 6 1550 8 1385
3 6 1665 17 1294 11 1242
3 6 1984 13 1900 18 1988
2 6 1988 13 436
4 6 2041 18 455 8 1911 17 1915
3 6 2058 8 1932 18 490
2 6 2084 8 179
3 6 2089 17 2846 8 617
2 6 2117 8 1810
3 6 2124 8 661 17 2037
2 6 2126 8 246
4 6 2130 17 2863 8 2053 18 2128
4 6 2131 8 2054 18 2126 17 2864
2 6 2155 17 2058
2 6 2180 8 732
3 6 2285 8 838 17 780
2 6 2287 8 2160
3 6 2288 8 2167 17 2924
2 6 2307 8 2161
2 6 2314 8 2189
3 6 2324 8 882 18 920
3 6 2325 8 883 18 921
2 6 2413 18 968
2 6 2435 18 2310
2 6 2500 8 2050
3 6 2525 8 1129 13 1032
2 6 2555 8 2350
2 6 2556 8 2351
3 6 2591 18 2508 17 3106
2 6 2635 13 1139
2 6 2638 18 2438
2 6 3042 13 1891
2 6 3086 18 3012
3 6 3121 8 2016 19 3482
4 6 3130 8 2691 13 2680 18 2915
2 6 3160 17 2734
2 6 3193 8 1858
2 6 3195 8 2935
4 6 3206 8 2147 18 838 17 2172
2 6 3232 18 2242
2 6 3244 8 1927
2 6 3252 8 2954
3 6 3326 8 2933 17 2886
2 6 3341 17 3029
2 6 3407 18 1079
2 6 3662 8 3633
3 6 3796 17 3873 8 3420
2 6 3812 8 2920
2 6 3817 18 3626
2 6 3827 8 2942
3 6 3829 8 3446 17 3496
2 6 3845 13 2794
2 6 3847 8 2121
2 6 3852 8 2130
2 6 3860 17 3510
4 6 3879 8 2996 18 3235 13 2174
2 6 3933 18 3772
3 6 3940 8 3546 13 2277
2 6 3972 13 3559
2 6 3985 18 3326
2 6 4023 18 4196
2 6 4038 18 3317
2 6 4052 17 3685
2 6 4074 18 3882
2 6 4119 18 3427
2 6 4260 17 3872
2 6 4275 17 3885
4 6 4283 8 3818 17 3889 18 3729
2 6 4287 17 3482
4 6 4290 8 3824 17 3892 18 4138
2 6 4292 17 4154
7 6 4294 8 3769 17 3827 18 4069 16 3531 19 3706 15 3594
2 6 4328 17 3539
2 6 4333 18 3778
2 6 4339 8 3868
2 6 4341 13 3000
2 6 4343 8 3504
2 6 4353 8 3526
2 6 4363 18 4396
4 6 4377 17 3484 18 4405 8 3453
3 6 4427 8 4154 18 4228
2 6 4430 8 4158
5 6 4516 17 4095 15 3565 16 3802 19 3939
3 6 4548 8 4015 17 4086
4 6 4550 17 3847 15 3918 16 3832
2 6 4566 8 3802
2 6 4567 17 4139
3 6 4596 8 3754 18 4347
6 6 4605 18 4355 8 4055 17 3835 15 3596 19 3314
3 6 4606 8 4056 18 4356
5 6 4607 8 4059 18 4357 15 3599 17 3837
4 6 4610 18 4143 8 4106 17 4155
2 6 4611 8 4066
4 6 4612 8 4067 18 4365 17 4114
2 6 4619 13 3465
2 6 4620 8 3844
4 6 4623 8 3787 18 4385 17 3854
4 6 4624 8 3788 17 3855 18 4386
2 6 4625 8 3858
2 6 4626 13 3472
2 6 4634 18 4161
5 6 4668 17 4341 18 4430 8 4145 15 4205
2 6 4691 18 4425
2 6 4710 17 3979
2 6 4787 8 3811
2 6 4791 13 3851
2 6 4825 17 4181
4 6 4833 8 4285 17 4178 18 4570
2 6 4840 18 4577
2 6 4846 8 4313
7 6 4898 8 4259 13 4363 18 4642 17 4115 19 3983 15 3904
3 6 4907 8 4362 18 4647
2 6 4908 18 4645
4 6 4917 8 4283 17 4322 18 4661
2 6 4920 17 4402
2 6 4923 18 4667
4 6 4931 8 4307 17 4406 15 4137
2 6 4979 8 4374
3 6 4982 8 4431 17 4465
2 6 5002 17 4456
2 6 5020 8 4498
2 6 5021 17 1
2 6 5027 8 4458
2 6 5034 8 4481
2 6 5043 17 4485
2 7 194 12 156
2 7 246 14 328
2 7 485 12 404
2 7 1572 12 121
2 7 1778 14 1773
2 7 1813 12 3583
2 7 2153 12 842
3 7 2580 12 1521 14 1659
2 7 2673 12 1629
2 7 2683 14 2686
2 7 2871 12 1962
2 7 2997 12 3351
2 7 3175 12 2341
2 7 3188 12 3036
3 7 3242 12 3098 14 2663
2 7 3249 12 3106
2 7 3259 12 3123
2 7 3301 12 3150
2 7 3461 12 3301
2 7 3585 14 3073
2 7 3633 12 3505
2 7 3684 12 3544
2 7 3696 12 3111
3 7 3880 14 3047 9 935
2 7 3882 12 3714
2 7 3951 14 4155
2 7 3958 12 3825
3 7 4074 12 3923 14 3953
2 7 4142 12 3989
2 7 4191 12 4115
2 7 4222 12 4086
2 7 4228 12 4087
2 7 4260 12 4116
2 7 4302 12 4158
2 7 4359 14 4239
2 8 17 18 13
2 8 47 18 67
2 8 53 18 65
3 8 62 18 55 13 8
2 8 75 17 41
3 8 83 18 48 17 37
2 8 84 18 40
2 8 90 18 43
3 8 92 17 44 18 63
2 8 96 17 1704
2 8 98 13 18
2 8 99 19 3655
2 8 103 18 100
2 8 149 17 114
3 8 156 18 180 17 119
3 8 163 13 1680 18 1783
3 8 164 13 1681 18 1784
2 8 167 13 71
2 8 184 17 130
2 8 188 17 1766
2 8 199 18 1804
2 8 213 17 155
2 8 214 18 166
2 8 216 18 169
3 8 231 17 1785 16 1579
3 8 235 13 150 18 197
2 8 236 18 198
2 8 245 17 179
2 8 266 18 229
2 8 283 17 202
3 8 289 13 188 18 236
3 8 290 13 189 18 237
2 8 291 18 238
2 8 296 13 195
2 8 299 18 1894
2 8 303 18 254
2 8 308 18 248
2 8 327 17 1831
2 8 336 17 255
2 8 340 18 1890
2 8 342 18 302
2 8 363 18 396
2 8 373 18 340
2 8 374 18 1918
2 8 375 18 342
2 8 382 18 360
2 8 388 18 350
2 8 396 18 429
2 8 408 13 294
2 8 416 18 1934
2 8 432 18 457
2 8 437 18 1949
2 8 441 13 317
2 8 464 17 1901
3 8 467 18 488 19 53
2 8 499 18 1987
2 8 502 18 468
2 8 508 18 458
2 8 527 17 419
2 8 593 15 377
2 8 597 15 378
2 8 659 17 2039
2 8 682 18 727
2 8 690 18 3124
2 8 720 18 690
2 8 785 17 2099
2 8 821 18 2269
2 8 839 17 750
2 8 867 18 895
2 8 876 17 748
3 8 955 17 826 18 1059
2 8 992 18 3260
2 8 1033 17 990
2 8 1300 17 2435
2 8 1346 17 1364
2 8 1560 18 1663
2 8 1655 16 2893
2 8 1672 18 1733
2 8 1673 18 1734
2 8 1687 18 1740
3 8 1692 17 25 18 1749
2 8 1693 18 1750
3 8 1712 13 1656 18 2861
3 8 1750 13 1687 18 1790
2 8 1754 18 1782
2 8 1755 18 1789
3 8 1758 17 1762 18 1803
2 8 1764 13 1694
2 8 1767 17 1773
2 8 1780 18 1822
2 8 1781 18 1823
2 8 1782 17 1784
3 8 1784 13 1722 18 1818
3 8 1794 18 1829 13 154
2 8 1797 18 1831
2 8 1798 18 1839
2 8 1800 18 1838
3 8 1801 17 1797 18 1853
3 8 1806 13 1742 18 1835
2 8 1808 18 1843
3 8 1815 18 1855 13 1750
2 8 1819 18 1867
2 8 1820 18 1868
3 8 1827 18 1870 13 1761
4 8 1837 17 277 15 1606 16 512
2 8 1839 18 1898
2 8 1843 13 251
2 8 1844 18 327
2 8 1846 13 1798
2 8 1868 18 1936
2 8 1876 18 1943
2 8 1884 17 2775
2 8 1923 18 2024
2 8 1939 18 2009
2 8 1943 18 1997
2 8 1976 13 546
3 8 1981 15 1765 11 2283
2 8 1982 18 629
2 8 2064 18 3138
2 8 2065 18 3139
3 8 2066 17 2030 18 2186
2 8 2067 17 2028
2 8 2079 17 2052
2 8 2089 17 2062
2 8 2096 17 2077
2 8 2117 17 2120
3 8 2150 17 711 18 933
2 8 2194 17 777
3 8 2208 17 792 18 2343
2 8 2216 18 3242
2 8 2280 13 2200
2 8 2291 18 2405
2 8 2422 17 3143
2 8 2510 17 3210
2 8 2537 13 2542
2 8 2578 18 1655
2 8 2636 18 2849
3 8 2644 16 3163 18 2858
3 8 2656 16 2614 17 2676
3 8 2662 18 1739 13 2
3 8 2675 17 2699 18 2892
3 8 2680 17 2702 18 2885
2 8 2689 18 3565
2 8 2693 18 2899
2 8 2694 18 2900
3 8 2695 18 2927 13 3296
2 8 2699 18 2924
3 8 2700 17 3774 15 3870
2 8 2704 18 2935
2 8 2708 17 2725
2 8 2716 17 2731
2 8 2720 18 2933
2 8 2721 18 2934
3 8 2723 18 2936 13 1762
3 8 2724 18 2937 13 1763
2 8 2725 13 2676
2 8 2726 13 2677
2 8 2731 18 2941
2 8 2732 18 2942
2 8 2734 13 2682
2 8 2735 18 2947
2 8 2738 17 2747
2 8 2739 17 2748
3 8 2741 13 1784 18 1891
2 8 2742 18 2950
2 8 2743 18 2951
2 8 2744 18 2952
2 8 2754 18 2964
2 8 2755 18 2986
2 8 2758 18 2972
2 8 2763 18 2977
2 8 2766 17 2765
2 8 2767 18 2980
2 8 2775 18 2987
2 8 2780 13 2718
2 8 2782 18 2992
2 8 2783 18 2993
2 8 2786 18 3628
2 8 2787 18 3629
2 8 2790 18 3631
2 8 2800 18 3007
2 8 2801 18 3011
2 8 2802 18 3025
2 8 2805 17 3396
2 8 2807 18 2014
6 8 2845 15 2668 11 2820 17 1998 16 2758 19 1919
6 8 2846 15 2669 17 1999 11 2326 16 1975 19 1920
3 8 2889 17 2861 18 3714
2 8 2890 18 3153
2 8 2891 18 3154
2 8 2892 17 2064
2 8 2894 15 1852
2 8 2898 18 3164
2 8 2903 18 3162
3 8 2914 17 2085 18 2225
2 8 2919 17 2884
2 8 2938 19 684
2 8 2940 18 3211
2 8 2961 18 3196
2 8 2969 18 2272
2 8 2994 17 872
2 8 3020 17 2279
2 8 3267 18 3977
2 8 3268 18 3528
4 8 3275 17 3285 18 3532 16 3512
2 8 3276 18 2864
4 8 3277 16 3173 17 3288 18 3534
2 8 3278 18 3535
2 8 3279 17 3290
2 8 3309 18 3561
2 8 3310 17 3330
2 8 3314 17 3334
2 8 3315 18 3568
2 8 3340 18 3590
2 8 3342 18 3592
2 8 3350 18 3609
2 8 3359 18 3634
2 8 3363 19 3621
2 8 3368 18 3642
3 8 3374 13 3358 18 3647
2 8 3376 18 3659
2 8 3383 17 3416
2 8 3400 15 2678
2 8 3414 17 3870
3 8 3416 17 3441 18 3719
2 8 3424 18 3706
2 8 3435 18 4142
2 8 3438 17 3473
2 8 3445 17 2905
4 8 3456 17 3896 18 3743 13 2942
2 8 3467 17 3914
3 8 3471 17 3517 18 3232
2 8 3571 17 3592
2 8 3602 18 3400
3 8 3637 17 4021 18 3946
3 8 3650 13 3680 18 3956
2 8 3666 17 4051
2 8 3677 18 3972
3 8 3678 16 3507 18 3973
3 8 3679 16 3509 18 3979
3 8 3680 16 3510 18 3980
3 8 3681 16 3511 18 3981
3 8 3686 18 3983 17 2679
4 8 3690 16 3513 17 3747 18 3982
3 8 3699 17 3766 18 4001
3 8 3700 13 4028 18 3988
2 8 3710 18 4307
2 8 3711 18 4308
2 8 3713 17 3772
3 8 3717 13 3739 18 4014
3 8 3720 18 4016 13 3742
2 8 3733 18 4029
2 8 3745 18 3610
2 8 3750 18 4044
3 8 3753 17 3379 18 4345
2 8 3762 18 4068
3 8 3797 17 3866 18 4121
2 8 3808 18 4116
3 8 3809 18 4117 13 3424
2 8 3812 18 4399
2 8 3813 17 3459
2 8 3816 18 3727
4 8 3817 17 4147 18 4128 13 3847
2 8 3825 17 4151
2 8 3827 18 4149
2 8 3834 15 2886
2 8 3845 18 4410
2 8 3847 17 4173
2 8 3848 18 4412
4 8 3873 17 3930 18 4178 15 3691
2 8 3883 17 4189
2 8 3886 17 4198
2 8 3971 18 3947
2 8 4002 18 4302
3 8 4005 13 4029 18 4305
2 8 4010 17 4083
2 8 4012 18 4319
2 8 4013 18 4315
2 8 4025 18 4325
2 8 4026 18 4326
2 8 4027 18 4327
2 8 4032 18 4335
2 8 4033 18 4336
2 8 4037 18 4045
2 8 4038 18 4333
2 8 4044 18 4516
3 8 4052 13 4064 18 4344
2 8 4053 15 4060
2 8 4058 18 4368
2 8 4060 18 4352
2 8 4076 18 4372
2 8 4081 17 4129
3 8 4091 17 4142 18 4120
4 8 4121 17 4177 18 4413 13 4153
2 8 4136 17 4333
2 8 4140 18 4429
2 8 4164 17 4217
2 8 4174 17 4236
3 8 4179 17 4350 18 4465
2 8 4199 17 4356
2 8 4211 18 4490
2 8 4214 17 4273
3 8 4215 18 4299 13 4027
2 8 4216 18 4300
2 8 4221 18 4501
3 8 4222 13 4239 18 4497
2 8 4226 18 4505
2 8 4231 18 4502
3 8 4232 18 4503 13 4349
2 8 4233 18 4504
2 8 4238 18 4507
2 8 4243 18 4510
2 8 4247 18 4513
3 8 4249 18 4514 13 4058
2 8 4254 18 4520
2 8 4255 18 4521
2 8 4263 17 4117
2 8 4271 17 4132
2 8 4272 17 4305
2 8 4286 17 4398
2 8 4287 18 4572
2 8 4292 17 4433
2 8 4293 17 4334
2 8 4303 18 4587
2 8 4341 17 4366
2 8 4343 18 4626
2 8 4344 18 4627
2 8 4345 18 4628
2 8 4346 18 4630
2 8 4347 18 4631
2 8 4370 18 4654
2 8 4376 18 4659
2 8 4391 17 4442
2 8 4408 18 4695
2 8 4409 18 4697
2 8 4424 18 4705
2 8 4427 13 4378
3 8 4428 13 4380 18 4707
2 8 4469 18 4740
2 8 4476 17 4477
2 8 4484 17 4491
2 8 4488 17 4498
2 8 4507 18 4790
2 8 4508 18 4791
2 9 60 14 41
2 9 86 14 67
2 9 114 14 1538
2 9 144 16 1622
2 9 155 16 192
4 9 162 11 99 14 1590 16 199
2 9 218 11 207
2 9 266 16 1696
2 9 281 11 2199
2 9 369 15 3589
2 9 382 11 375
2 9 401 11 435
3 9 403 10 141 11 398
3 9 411 14 1877 15 275
2 9 436 11 433
2 9 515 14 774
2 9 519 11 480
3 9 520 11 517 14 834
3 9 534 11 540 14 851
2 9 536 11 509
2 9 569 11 547
2 9 595 11 579
2 9 624 10 2882
3 9 629 11 600 16 898
2 9 637 11 604
2 9 638 16 917
2 9 645 10 834
2 9 652 11 634
3 9 659 11 628 16 935
2 9 668 11 642
2 9 681 11 657
2 9 722 11 698
4 9 735 11 1732 16 2095 15 1935
2 9 758 11 826
2 9 924 11 930
2 9 939 11 934
2 9 950 14 1298
2 9 991 11 1128
2 9 1007 16 1410
3 9 1072 14 2474 16 19
2 9 1115 14 1606
2 9 1120 11 1303
2 9 1206 11 1388
2 9 1220 11 2202
3 9 1228 11 210 17 1764
2 9 1230 11 217
2 9 1231 11 2211
2 9 1283 11 1507
2 9 1284 11 1508
2 9 1305 11 322
2 9 1322 10 129
2 9 1323 10 1648
2 9 1344 11 1588
2 9 1379 11 438
2 9 1415 11 1636
5 9 1425 11 1622 15 443 16 790 19 526
2 9 1429 11 1639
2 9 1440 11 1643
2 9 1442 11 1638
2 9 1459 11 551
2 9 1470 11 575
2 9 1475 11 1678
2 9 1520 11 633
2 9 1530 11 658
2 9 1563 16 2156
2 9 1569 11 1737
3 9 1570 11 814 14 1022
2 9 1687 14 2315
2 9 1704 11 2562
3 9 1824 14 3101 16 2503
2 9 1830 16 2504
2 9 1839 16 2516
2 9 1879 11 2179
2 9 1907 14 1684
2 9 1917 11 2194
2 9 1947 11 2214
2 9 1958 11 2226
2 9 1966 11 2234
2 9 1968 11 2267
2 9 1981 11 1497
2 9 2014 11 1559
2 9 2077 11 2353
2 9 2086 11 2346
2 9 2088 11 2345
3 9 2098 11 1646 15 481
2 9 2139 10 4027
2 9 2140 11 2391
2 9 2168 11 1800
2 9 2172 11 2472
3 9 2182 11 1811 14 2917
2 9 2237 14 2965
2 9 2290 11 1085
2 9 2297 15 1856
2 9 2301 11 2520
2 9 2363 14 3542
2 9 2364 11 2709
2 9 2367 14 3551
2 9 2368 14 3555
2 9 2378 11 2714
3 9 2379 11 2715 14 3561
2 9 2382 11 2720
2 9 2392 11 3100
2 9 2419 11 2186
2 9 2451 11 2220
2 9 2453 11 2760
2 9 2454 11 2770
2 9 2458 11 2764
2 9 2465 11 2260
3 9 2485 11 3142 19 3163
2 9 2502 11 3155
2 9 2522 11 2815
2 9 2540 11 2838
2 9 2541 11 2839
2 9 2555 11 2349
2 9 2559 11 3183
3 9 2578 11 1672 16 2052
2 9 2612 11 2928
3 9 2644 11 2958 14 2916
2 9 2672 11 2519
2 9 2678 11 2524
2 9 2778 11 3086
2 9 2784 11 3105
2 9 2803 11 3106
2 9 2814 11 3108
3 9 2815 11 3109 14 3599
4 9 2817 11 3113 14 3603 15 3536
3 9 2818 14 3600 16 3528
2 9 2829 11 3135
6 9 2877 11 3161 15 3227 16 3254 17 3420 19 3291
6 9 2878 11 3162 15 3228 16 3255 17 3421 19 3292
2 9 2882 11 2843
3 9 2970 11 3274 16 2935
3 9 2975 11 3282 14 3771
3 9 3023 14 3994 16 3742
2 9 3046 11 3365
2 9 3048 11 3371
2 9 3058 14 3863
2 9 3065 11 3376
3 9 3066 11 3390 14 3869
2 9 3075 15 3885
2 9 3078 11 3157
3 9 3079 11 3405 14 3888
2 9 3087 11 3178
2 9 3090 11 3176
2 9 3094 11 3181
2 9 3095 11 3190
2 9 3103 14 4047
2 9 3107 14 3916
2 9 3115 11 3208
2 9 3140 16 3878
2 9 3144 11 3468
2 9 3201 14 4079
2 9 3214 11 3532
2 9 3232 10 4218
3 9 3233 10 4219 19 4106
2 9 3238 11 3565
2 9 3248 11 3574
2 9 3272 11 3594
3 9 3273 11 3592 14 4054
2 9 3275 11 3442
2 9 3277 11 3461
2 9 3303 11 3723
2 9 3319 14 3836
2 9 3322 11 3733
2 9 3327 14 4148
2 9 3334 11 3542
3 9 3335 11 3543 14 4094
4 9 3336 11 3668 16 3973 15 4052
2 9 3337 11 3546
2 9 3341 11 3548
2 9 3343 11 3551
2 9 3348 11 3738
2 9 3351 11 3673
2 9 3352 11 3674
2 9 3366 11 3687
3 9 3374 11 3615 14 4134
3 9 3387 11 3617 19 4054
2 9 3398 11 3662
3 9 3399 11 3664 14 4153
2 9 3400 11 3666
2 9 3402 11 3739
2 9 3404 11 3744
2 9 3407 11 3680
3 9 3409 11 3691 14 4123
2 9 3414 11 3697
2 9 3419 11 3604
2 9 3441 11 3768
2 9 3444 11 3740
2 9 3446 14 4168
2 9 3448 11 3741
2 9 3482 11 3816
5 9 3484 11 3821 16 4212 19 4386 15 4306
2 10 145 19 66
2 10 295 19 267
2 10 848 19 449
2 10 1640 19 1584
2 10 2823 19 1954
2 10 3655 19 3924
2 10 3972 19 3603
2 11 101 14 199
2 11 168 15 57
2 11 401 17 1941
2 11 441 17 477
2 11 444 19 452
2 11 485 16 793
2 11 562 14 2039
2 11 598 16 921
2 11 618 16 840
2 11 791 16 1050
2 11 957 19 1170
2 11 1126 15 2323
2 11 1179 19 2522
3 11 1355 17 1710 18 1769
2 11 1387 15 60
4 11 1441 16 508 15 179 19 1695
2 11 1538 19 1590
3 11 1664 15 1836 16 2039
2 11 1670 14 2092
2 11 1797 16 2129
2 11 2004 16 2404
2 11 2058 17 3278
2 11 2160 17 2680
5 11 2322 16 2748 19 2722 15 2659 17 2837
2 11 2368 14 2253
2 11 2377 15 2693
2 11 2393 14 2851
2 11 2530 16 2275
2 11 2721 16 2612
2 11 2722 16 3166
2 11 2736 14 3575
2 11 2777 14 2678
3 11 2796 17 3820 19 3168
2 11 2860 14 621
2 11 2910 16 3322
2 11 3080 16 3164
2 11 3139 15 3194
2 11 3166 16 2759
3 11 3249 15 3670 19 3790
2 11 3283 16 3657
3 11 3310 16 3692 15 3434
2 11 3325 15 3755
2 11 3407 19 2161
2 11 3496 15 3988
5 11 3558 16 3985 17 4120 15 4069 19 4138
2 11 3623 15 4118
4 11 3807 15 4291 16 4201 19 4361
2 12 33 14 119
2 12 127 14 235
2 12 598 14 710
2 12 601 14 695
2 12 602 14 696
2 12 673 14 792
2 12 674 14 793
2 12 800 14 957
2 12 1467 14 1574
2 12 1623 14 448
2 12 1673 14 527
2 12 1754 14 1893
2 12 1833 14 1983
2 12 1909 14 2030
2 12 1916 14 2865
2 12 2167 14 2422
2 12 2377 14 2599
2 12 2515 14 2711
2 12 2588 14 2778
2 12 2589 14 2779
2 12 2619 14 2791
2 12 2645 14 2023
2 12 2813 14 3425
2 12 2865 14 3505
2 12 3112 14 2668
2 12 3140 14 3229
2 12 3141 14 3230
2 12 3205 14 3666
2 12 3347 14 3426
2 12 3384 14 3488
2 12 3585 14 1829
2 12 3606 14 3283
2 12 3622 14 3293
2 12 3863 14 3664
2 12 3871 14 3678
2 12 3945 14 4062
2 12 4001 14 4030
2 12 4023 14 4122
2 12 4032 14 4046
2 12 4035 14 4129
2 12 4088 14 4096
2 12 4095 14 4035
2 12 4096 14 4109
2 12 4152 14 4160
2 12 4162 14 4176
2 12 4189 14 4210
2 12 4206 14 4235
2 13 7 18 1748
2 13 60 18 102
2 13 73 18 130
2 13 94 18 140
2 13 111 18 1809
2 13 144 18 184
2 13 170 18 205
2 13 174 18 219
2 13 185 18 217
2 13 196 18 223
2 13 283 18 357
2 13 286 18 363
2 13 310 18 391
2 13 359 18 398
2 13 792 18 2257
2 13 980 18 1107
2 13 1134 18 1299
2 13 1691 18 1792
2 13 1693 18 139
2 13 1727 18 179
2 13 1746 18 1845
2 13 1754 18 1850
2 13 1769 18 210
2 13 1778 18 1878
2 13 1954 18 3666
2 13 2339 18 2560
2 13 2418 18 2580
2 13 2635 18 2875
2 13 2645 18 2890
2 13 2655 18 1824
2 13 2656 18 2908
2 13 2684 18 1877
2 13 2692 18 293
2 13 2915 18 2190
2 13 3270 18 3547
2 13 3272 18 4002
2 13 3273 18 2891
2 13 3274 18 2894
2 13 3287 18 4021
2 13 3288 18 4022
2 13 3297 18 4027
2 13 3310 18 3586
2 13 3311 18 3587
2 13 3332 18 3621
2 13 3370 18 3028
2 13 3731 18 3998
2 13 3741 18 4015
2 13 3743 18 4011
2 13 3744 18 4019
2 13 3745 18 3564
2 13 3746 18 4018
2 13 3748 18 4023
2 13 3752 18 4026
2 13 3767 18 4332
2 13 3894 18 4185
2 13 3955 18 4244
2 13 4040 18 4007
2 13 4250 18 4511
2 13 4351 18 4622
2 13 4388 18 4713
2 13 4401 18 4678
2 13 4475 18 4760
2 15 46 17 128
2 15 105 17 168
2 15 133 16 1580
2 15 296 19 566
2 15 328 17 408
2 15 329 17 409
2 15 343 16 671
2 15 345 16 1912
2 15 476 16 839
2 15 484 16 2699
3 15 488 17 702 19 434
2 15 512 16 875
2 15 522 16 819
2 15 573 19 653
2 15 574 16 954
2 15 578 16 962
2 15 638 19 813
3 15 641 17 742 19 2047
2 15 652 19 928
2 15 702 19 2187
2 15 704 19 864
2 15 710 19 897
2 15 736 19 929
2 15 771 17 811
2 15 950 19 2334
2 15 1266 17 1291
2 15 1494 16 429
2 15 1517 16 1765
2 15 1652 19 1755
2 15 1691 16 1783
2 15 1733 16 674
2 15 1749 19 1738
2 15 1750 16 691
2 15 1797 16 1996
3 15 1823 16 2022 19 1946
2 15 1833 19 1956
3 15 1837 17 2890 19 2705
2 15 1867 19 1987
2 15 1868 19 1986
2 15 1888 19 2023
2 15 1917 19 2734
2 15 1926 17 2940
2 15 1961 19 2095
2 15 1962 19 2096
2 15 1969 19 2850
2 15 1982 19 3391
2 15 1983 16 1072
2 15 1999 16 2049
2 15 2005 19 2176
2 15 2013 19 2890
2 15 2015 19 2162
2 15 2059 19 1050
3 15 2072 17 903 19 2230
2 15 2150 19 2358
2 15 2321 16 2415
3 15 2561 16 2524 19 2664
3 15 2578 16 2652 19 3652
2 15 2581 16 295
2 15 2643 16 1916
2 15 2649 19 2713
2 15 2656 17 2826
3 15 2703 16 2798 19 2749
2 15 2717 19 3331
2 15 2720 19 3308
2 15 2739 19 3374
2 15 2781 19 3342
2 15 2998 17 2446
2 15 3225 16 3252
3 15 3241 16 3273 19 3306
2 15 3245 16 3268
2 15 3246 16 3269
3 15 3253 17 3431 16 3280
4 15 3254 17 3432 16 3835 19 3316
2 15 3257 16 3226
2 15 3270 16 3601
2 15 3276 16 2819
2 15 3294 19 3754
2 15 3298 19 3399
2 15 3336 19 3472
2 15 3383 19 3564
2 15 3384 16 3369
2 15 3416 19 3829
2 15 3436 17 3617
2 15 3552 19 3648
3 15 3573 19 3947 16 3559
4 15 3593 16 3532 17 3826 19 3707
2 15 3607 19 3728
2 15 3615 16 3592
2 15 3620 17 3450
2 15 3625 17 3455
3 15 3627 16 3606 19 4148
2 15 3634 19 3997
2 15 3648 19 3979
2 15 3677 16 3851
2 15 3680 19 3443
2 15 3727 17 4206
2 15 3774 16 3702
2 15 3876 19 4117
3 15 3879 17 3799 19 4122
3 15 3880 16 3801 19 3932
3 15 3881 16 3803 19 4127
3 15 3882 16 3804 19 4128
2 15 3893 16 3958
2 15 3921 16 3981
2 15 3923 19 4001
3 15 3924 16 3839 19 3976
2 15 3926 16 3994
2 15 3930 16 3986
2 15 3931 16 3847
2 15 3933 16 3610
2 15 3964 19 4189
2 15 3980 16 4021
3 15 3981 16 4010 17 4201
2 15 3992 17 3950
2 15 4002 16 3898
2 15 4056 19 4136
2 15 4073 16 3968
2 15 4078 16 3990
3 15 4082 16 4066 19 4159
2 15 4084 19 4240
2 15 4087 19 4248
3 15 4102 16 4087 19 4181
2 15 4106 19 4264
2 15 4107 16 4089
2 15 4114 16 4005
2 15 4119 16 4013
3 15 4165 16 4063 19 4247
2 15 4169 16 4065
2 15 4176 19 4242
2 15 4180 16 4088
2 15 4184 16 4081
2 15 4231 16 4092
2 15 4232 16 4164
2 15 4268 16 4180
2 15 4269 16 4181
2 15 4270 16 4182
2 15 4281 19 4370
2 16 924 19 2742
2 16 926 19 603
2 16 1008 19 759
2 16 1095 19 545
2 16 1134 19 2145
2 16 1163 19 1694
2 16 1234 19 2270
3 16 1961 17 1974 19 1884
2 16 1962 19 1885
2 16 2120 19 2836
3 16 2653 17 2823 19 2771
2 16 2702 17 586
2 16 2735 19 2710
2 16 2738 19 3262
2 16 2744 19 2750
3 16 2750 19 1875 17 487
2 16 3200 17 3790
2 16 3258 19 3297
2 16 3263 19 3952
2 16 3797 19 4119
2 16 3989 19 3965
2 16 4003 19 4307
2 17 49 18 1766
2 17 469 18 2113
2 17 596 18 2210
2 17 600 18 2202
2 17 672 19 422
2 17 712 18 2297
2 17 798 19 552
2 17 828 19 548
2 17 1711 18 1756
2 17 1916 18 456
2 17 1984 19 1864
2 17 2141 19 1833
2 17 2169 18 2226
2 17 2321 18 1157
2 17 2338 19 2193
2 17 3150 19 3095
2 17 3472 18 3751
2 17 3920 18 4166
2 17 4186 18 4168
