
67 590 184 1027 216 777 303 246 527 3207 725 895 829 2901 851 3280 853 1011 1047 2720 1114 3166 1143 359 1910 1028 1951 823 2397 4036 2862 2766 2907 2939 3414 3668 3415 3271 3735 3191 3767 380 4043 3729 4055 3243 4196 3869 4218 2098 4310 3640 
42 1662 135 31 145 48 192 124 211 863 229 159 370 416 522 424 531 429 561 1874 774 2120 776 3298 816 2027 898 1603 1103 823 1106 811 1107 812 1108 813 1786 23 1831 2856 1922 410 1932 1847 2020 2792 2034 3798 2098 1943 2124 2272 2223 735 2247 2072 2344 939 2371 2536 2612 2608 2717 2751 2723 2720 2791 2765 2810 1909 2873 779 2988 2107 3012 2168 3035 3173 3098 1446 3231 3246 3258 2967 3331 3376 3414 3176 3434 3437 3457 2848 3538 306 3697 3712 3714 3715 3759 3782 3776 3343 3779 3812 3826 3417 3851 3444 4019 4074 4028 4076 4038 4082 4086 4274 4319 4448 4370 4418 
74 451 270 2087 630 3684 656 155 684 2362 702 2853 933 3847 1026 468 1402 3304 1870 2900 2162 2095 2164 579 2568 2092 3395 4693 3460 242 3867 4355 4079 4797 
403 2630 630 454 684 989 851 3712 898 3001 899 2998 1598 2443 1789 1543 2034 780 2098 2089 2442 3977 2567 37 3348 3885 3414 3692 3680 2925 3728 2502 3759 4259 4038 4576 4133 1742 
30 1577 184 206 267 2868 328 676 684 1022 730 658 970 2940 1047 1082 1101 3314 1557 2389 1601 3200 1603 3359 2031 2792 2075 2048 2098 2036 2162 1840 2371 2175 2685 2774 3177 2599 3257 2156 3412 2972 3414 2406 4045 3958 4054 3971 4076 2871 4098 2886 4196 4144 
184 1655 215 4113 684 99 699 1833 773 3396 800 1404 910 3831 1055 2353 1101 2938 1230 3073 1875 2589 2072 3250 3125 2483 3180 2753 3414 3457 3759 3739 3802 2894 3853 341 4285 4372 4383 4483 
74 587 550 319 730 1228 859 3083 898 1286 970 3185 1064 1510 1101 656 1790 1993 2072 2787 2286 664 2392 1514 2567 2818 2756 1879 2873 2853 3179 2719 3254 1800 3258 2414 3342 1281 3348 314 3395 2806 3435 3054 3512 3107 3714 1266 4054 3055 4055 2092 4272 2644 4344 3156 
24 102 75 118 81 135 144 170 145 171 162 187 165 1713 184 3966 229 1743 240 280 250 413 274 416 277 369 282 1803 291 1805 314 463 318 388 352 393 356 471 373 405 376 430 383 649 396 537 412 444 440 486 456 506 472 518 475 634 494 523 500 533 527 573 531 564 542 577 565 582 605 625 637 737 649 687 671 726 703 784 828 863 836 866 842 876 848 2098 853 881 886 875 893 2089 978 965 1036 1032 1064 1089 1103 1128 1106 1119 1107 1120 1108 1121 1113 1130 1162 1332 1252 1270 1676 1676 1761 2674 1762 4131 1799 1779 1803 1832 1806 315 1813 438 1823 374 1824 1802 1833 1817 1837 1869 1838 1814 1839 1815 1843 1820 1846 1827 1857 1874 1859 1876 1860 1842 1861 1843 1866 680 1869 1864 1884 1867 1890 1882 1891 1877 1906 1885 1912 525 1914 1895 1949 1926 1973 722 1988 1979 1994 692 2001 1985 2005 1976 2020 1996 2031 2860 2090 2046 2098 2033 2106 2066 2124 2914 2125 2090 2164 2035 2206 961 2213 2144 2223 1000 2226 2150 2247 2181 2303 2241 2313 2358 2315 1342 2371 2477 2377 1431 2386 1307 2389 1445 2397 2502 2420 141 2612 2594 2661 2666 2673 2645 2677 3272 2694 2736 2697 2751 2705 2714 2707 2768 2709 1884 2713 2727 2714 2726 2716 2723 2721 2722 2725 2739 2726 2732 2730 2742 2739 2765 2745 1878 2755 1902 2756 3327 2774 2795 2791 2813 2803 2839 2804 2831 2808 1987 2827 2845 2851 2040 2852 2878 2862 2895 2865 2048 2873 2925 2879 2083 2980 3034 2994 3046 3012 3010 3027 1385 3040 3592 3081 2476 3218 3197 3250 2626 3261 3262 3262 3263 3296 3290 3297 3277 3300 2719 3302 2728 3304 3301 3308 3283 3309 3284 3312 3288 3317 3293 3318 3294 3322 3304 3333 2785 3346 3317 3359 3320 3360 3321 3365 3326 3366 1745 3376 3342 3380 3362 3392 3370 3445 3399 3471 3410 3474 3417 3478 3427 3570 3547 3697 3646 3711 3210 3726 3245 3730 3705 3731 3700 3740 3721 3747 3711 3748 3712 3750 3713 3754 3729 3756 3719 3757 3720 3758 3313 3766 3726 3770 3756 3775 3316 3776 3732 3784 3739 3786 3325 3791 3336 3797 3773 3799 3757 3800 3786 3808 3791 3810 3789 3811 3792 3815 4058 3816 3769 3821 3780 3822 3783 3826 3384 3827 3406 3828 3386 3835 3797 3844 3387 3854 3814 3856 3819 3857 4075 3861 3821 3862 3822 3875 3831 3888 3456 3898 3895 3901 3475 3904 3898 3915 3907 3940 3549 3971 3123 3989 3983 3990 3986 4006 4135 4012 4015 4014 4026 4019 4032 4025 3715 4026 3716 4028 4034 4031 4024 4038 4040 4041 4031 4046 3735 4047 3736 4050 4039 4052 4042 4054 4048 4055 4044 4057 4050 4060 3781 4066 4049 4075 3800 4076 3810 4084 4061 4095 3830 4098 4263 4103 4073 4110 4201 4134 3942 4137 3533 4165 4113 4175 4142 4182 4011 4183 4150 4186 4154 4188 4152 4203 4178 4204 4182 4213 4188 4222 4197 4250 4220 4254 4132 4256 4149 4260 4232 4264 4155 4265 4160 4266 4161 4268 4239 4270 4245 4273 4251 4274 4246 4280 4250 4281 4177 4283 4260 4295 4264 4316 4288 4319 4290 4325 4237 4326 4292 4330 4298 4332 4296 4334 4304 4337 4306 4342 4310 4362 4244 4364 4330 4371 4335 4376 4343 4383 4336 4389 4345 4391 4362 4393 4366 4396 4369 4415 4380 
128 1469 270 3754 482 1179 630 3303 768 1081 910 3595 1100 2829 1106 627 1139 2337 1252 903 1321 2644 1404 1279 1603 531 1786 3683 1937 1380 1943 2515 2114 1559 2165 3223 2285 512 2288 114 2371 2039 2664 304 2756 2179 3347 1502 3414 3069 3430 2421 3826 1694 4067 3546 4247 3142 4334 3262 
197 744 498 3261 674 1934 699 2685 853 914 1787 712 2071 866 2098 2687 2296 3927 3182 3849 3341 2453 3412 2717 3414 1391 3677 3780 3770 308 3977 3466 4045 3825 4060 3993 4079 4058 4196 3992 4334 1962 4364 4031 
97 599 212 578 396 1897 630 4139 725 51 851 628 1139 2681 1598 523 1813 161 2162 2108 2807 2675 2953 3630 3180 3861 3258 286 3771 2087 3778 2098 3862 3377 4044 3615 4066 2838 4161 3978 4196 4017 4247 1724 
527 3384 833 1757 1603 184 1737 1852 1787 3214 2247 1864 2285 3372 3415 2785 3460 2775 3675 3089 3728 2941 3867 2605 4028 3557 4061 4229 4334 492 4417 258 
211 287 226 3318 622 1016 776 2951 859 3277 1100 950 1321 1294 2565 1859 2676 433 2738 666 3177 2370 3180 3278 3366 2203 3606 1941 3759 3796 4038 4096 4417 4289 
106 63 145 84 211 701 409 161 482 2522 485 1983 684 3655 1100 2837 1101 684 1256 2385 1761 3183 2040 778 2124 2174 2426 819 2525 859 2664 2254 2769 48 2802 625 2923 3235 3460 2191 3461 3482 3477 2747 3565 2836 3677 4096 3759 3955 3867 3273 4028 3953 4038 3959 4137 3375 4154 4087 4242 4288 


58 3118 141 2555 183 366 434 667 638 1106 955 458 1104 230 1589 988 2118 2688 2215 3208 2476 308 3084 3321 3306 3271 3371 3792 3664 1155 3966 1813 4165 2589 4212 3971 
30 1940 215 2074 220 131 244 172 289 223 303 246 359 303 525 750 562 495 578 790 621 807 789 895 840 802 891 1098 892 1099 933 1043 950 1046 996 1175 1029 1196 1035 1116 1081 1164 1139 2404 1140 2405 1178 4375 1443 2629 1746 1215 1763 1935 1768 1949 1769 1950 1774 1955 1873 428 1904 1845 1913 1995 1915 2091 1919 494 1924 502 1927 500 1930 3050 1949 2118 1990 1922 1997 320 2077 1971 2119 782 2120 2175 2136 2991 2146 822 2223 3052 2233 2217 2251 418 2366 2339 2380 1287 2382 1042 2437 1131 2459 2375 2552 2498 2655 2597 2724 2668 2913 337 2914 338 2936 2904 2963 2858 2970 2016 2971 2869 2986 2876 3054 2919 3068 2940 3071 3575 3078 3579 3118 3598 3163 2218 3184 2242 3208 3174 3222 2421 3248 2383 3269 4073 3274 2370 3293 3727 3296 3221 3319 4093 3362 3279 3475 2651 3585 3476 3642 1963 3657 2848 3659 3512 3678 3067 3693 3546 3742 3090 3748 4022 3757 3208 3763 3134 3768 3137 3777 3699 3784 3638 3804 2387 3958 3825 3960 4174 4089 4025 4100 4037 4102 3964 4125 3987 4141 3996 4155 4008 4157 4305 4163 4009 4175 4024 4181 3656 4185 4029 4234 4353 4237 4086 4239 3714 4252 4091 4266 4103 4298 4148 4312 4170 4319 4173 4330 4198 4347 3858 4379 3924 4409 4319 4414 4469 4444 674 4472 4368 4482 4364 4489 4510 4503 4133 4505 4372 4507 4373 4514 4384 4584 4488 4602 4639 4607 4299 4609 4484 4621 4490 4622 4491 4623 4492 4626 4493 4629 4595 4640 4524 4644 4521 4672 4550 4675 4543 4707 4597 4708 4599 4710 4496 4714 4585 4725 4511 4734 4532 4743 4617 4757 4673 4761 4644 4762 4645 4767 4648 4775 4641 4777 4646 4781 4661 4787 4618 4794 4668 4815 4518 4822 4697 4823 4716 4836 4709 4855 4739 4856 4740 4860 4744 4870 4749 4872 4750 
141 3809 159 2032 248 272 271 304 474 3189 625 373 885 1129 891 2567 892 2568 1017 26 1059 4078 1096 2726 1246 1714 1665 2940 1887 3123 1975 3770 2119 3230 2161 3474 2359 3404 2390 943 2413 3298 3118 2356 3206 4356 3265 3712 3294 2502 3742 4295 3748 4314 3768 4628 3777 4641 3788 4642 3946 2443 4163 4599 4239 3320 4472 4914 4475 4915 4477 3326 4549 4415 4609 4889 4626 4798 4637 4916 4638 4981 4642 4919 4693 4734 
58 2938 161 2305 762 681 873 3626 891 1217 892 1218 1016 4480 1038 2966 1201 1833 1628 3945 1748 3831 1772 1880 1776 1909 1786 1926 1899 184 1916 231 2144 2128 2294 3063 2380 1860 2413 3254 2476 2206 2504 2530 2599 472 2887 2795 3249 3087 3788 3878 3789 3879 4099 2749 4239 2195 4609 4246 4638 4433 4649 4369 
57 1874 220 156 244 192 256 193 301 236 303 233 388 312 394 314 434 2061 474 702 526 427 626 2149 670 2289 950 2169 960 1093 1033 1154 1139 1013 1140 1014 1427 1297 1443 2418 1463 3028 1763 2724 1773 1850 1776 1864 1905 2018 1915 2864 1916 1771 1925 408 1931 1782 1934 2044 2077 1883 2120 2097 2233 2900 2283 2243 2284 2244 2354 2120 2370 2134 2504 2430 2552 1129 2727 1337 2828 2595 2830 3219 2887 1859 2902 2734 2907 2839 2909 2748 2933 2820 2953 1759 2994 2701 3078 3365 3104 1922 3118 2813 3119 2826 3222 2129 3248 3045 3249 3046 3251 2945 3612 392 3657 2667 3679 3318 3680 3327 3718 2744 3742 2925 3748 3814 3768 3473 3858 3489 3938 3564 3950 3566 3977 3167 4063 3776 4100 3830 4125 3771 4141 3775 4149 3778 4155 3779 4163 3783 4167 3789 4171 3802 4175 3815 4186 3820 4216 3849 4242 3868 4251 3488 4312 3568 4319 3571 4326 4197 4409 4086 4464 4113 4489 4131 4503 4178 4609 4255 4621 4265 4622 4266 4626 4267 4634 4280 4637 4299 4639 4285 4640 4300 4641 4303 4642 4304 4655 4306 4659 4297 4669 4311 4675 4180 4714 4359 4720 4364 4775 4421 4814 4457 4823 4467 4842 4482 4851 4483 4854 4495 4869 4516 4870 4517 4872 4518 
58 768 68 2965 71 445 92 332 220 1791 270 1837 289 1844 303 1862 485 2203 640 3460 775 703 1015 1315 1762 405 1776 1969 1786 1984 1932 225 2136 530 2234 3241 2504 3823 2865 3760 2881 1938 2887 2998 3155 1856 3249 3307 3306 1718 3657 2895 3663 1833 3742 3739 3789 3790 3819 3810 4063 4061 4098 3556 4163 4348 4171 4354 4190 3073 4192 4408 4452 3613 4467 3707 4609 4515 4626 4528 4640 4710 4714 4634 4775 4700 4787 4573 4826 4758 4856 4775 



156 1467 982 463 1228 134 1690 3001 1814 3297 1898 2443 1960 2089 2287 989 2666 2998 2938 3377 3271 3298 3280 3712 3321 780 3645 454 3883 1724 3981 1475 4047 3531 
157 137 164 146 165 148 175 155 198 1574 232 200 235 1604 417 407 431 420 441 428 454 433 530 535 596 608 738 767 761 1998 883 2115 886 2939 896 2940 897 997 1025 1618 1244 1319 1488 1533 1522 1568 1570 202 1588 1645 1644 1710 1668 2648 1676 1739 1697 2682 1723 436 1734 1815 1788 1859 1798 1874 1800 1876 1917 2008 1919 2859 1932 1984 1933 1985 1950 3419 1960 2036 1969 2048 2047 1037 2061 1063 2062 1064 2237 2352 2458 2559 2461 2560 2462 1582 2478 2578 2546 2655 2552 1754 2568 2687 2569 2688 2570 1780 2608 2724 2611 3310 2612 2066 2619 2736 2630 3326 2684 3384 2691 143 2720 1082 2743 2599 2761 3462 2766 2972 2819 3504 2842 2270 2937 3582 3016 3166 3017 3167 3033 3181 3036 2548 3041 3186 3055 3197 3072 2609 3103 3251 3120 3262 3133 3727 3134 3303 3136 3305 3140 2737 3217 3401 3219 2853 3229 3785 3280 3693 3336 2259 3434 3639 3439 3645 3471 3961 3481 3974 3483 3976 3484 3977 3494 3729 3497 3734 3501 3995 3531 4022 3535 2382 3537 3777 3589 4051 3603 3835 3614 3844 3620 3858 3624 4077 3627 4091 3637 3869 3709 3943 3725 3966 3726 3968 3727 3585 3733 3971 3734 3973 3735 4146 3737 3978 3738 4223 3740 3466 3741 3991 3752 3339 3755 4006 3764 4028 3768 4031 3791 4062 3805 4079 3806 4075 3869 4144 3870 4147 3876 3990 3877 4157 3881 4160 3882 4240 3884 4244 3911 4188 3945 4215 3948 4216 3958 4227 3961 4231 3964 4236 3965 4238 3966 4239 3967 4237 3973 4246 3978 4301 3980 4303 3981 4304 3988 4257 3993 4202 4000 4278 4001 4279 4006 4280 4010 4225 4012 4314 4013 4285 4014 4286 4015 4287 4038 4306 4040 4307 4048 4316 4050 4318 4060 4335 4062 4337 4063 4339 4070 4345 4071 4352 4073 4347 4075 4351 4081 4350 4083 4361 
166 1747 308 2206 565 2353 1027 1655 2011 3258 2038 3831 2286 1587 2518 1665 2559 350 2738 1234 2927 1030 3493 99 3499 1833 3523 427 3599 1654 3668 3457 4047 1623 
896 3185 1055 1209 1341 1800 1672 1243 1813 2414 1876 2469 1949 736 1981 3130 1997 2162 1998 2163 2003 2172 2020 1667 2535 3363 2604 1034 2754 1880 3591 2935 3645 169 3652 2298 3719 2445 3959 3338 4010 3440 
261 601 896 3601 982 2869 996 2071 1011 881 1097 233 1268 1445 1486 419 1580 2055 2726 2252 2759 2642 2766 2895 2792 3379 3090 2787 3122 3365 3495 3937 3535 3589 3868 37 
51 25 115 3683 456 688 843 3754 938 2898 1250 2004 1688 2777 1814 2515 1898 2298 1997 1790 1998 1791 2003 2472 2007 1800 2011 2475 2589 1520 2893 596 3114 2627 3591 2305 3599 2274 3645 3303 
79 255 131 90 157 101 198 122 212 135 417 1640 438 377 442 1659 459 384 565 2748 746 746 747 747 789 700 801 709 814 1878 841 828 883 1934 886 808 902 1988 908 4033 1011 914 1025 2637 1151 1122 1176 1230 1209 2191 1234 1204 1249 2175 1250 1270 1344 805 1401 1409 1486 1435 1488 1444 1496 93 1503 1469 1529 3056 1580 452 1644 1602 1668 1618 1697 1638 1734 1661 1771 1708 1802 1727 1829 512 1901 631 1911 672 1920 789 1933 1938 1960 2687 1981 1974 1992 858 1997 1975 1998 1976 1999 2274 2007 1985 2021 1994 2025 1965 2047 887 2069 1991 2074 906 2197 128 2359 1417 2448 2356 2449 2357 2459 2370 2461 2372 2464 3043 2478 2393 2535 2464 2547 2467 2569 2488 2570 2486 2608 2507 2611 2516 2618 2521 2690 2614 2765 2743 2766 2717 2767 2744 2789 2732 2801 2035 2819 2069 2823 2827 3016 3012 3017 3013 3031 3020 3033 3028 3036 2355 3041 3035 3058 3537 3093 3103 3094 3104 3104 3117 3122 3130 3133 3575 3136 3157 3148 3590 3191 3213 3236 3655 3434 3506 3467 3548 3471 3826 3481 3834 3483 3566 3484 3567 3496 3843 3508 3594 3531 3230 3542 3641 3556 3271 3566 3285 3602 3708 3611 3702 3637 3740 3655 3722 3668 1391 3709 3979 3725 3827 3733 3832 3741 3839 3772 4058 3777 3888 3785 3915 3786 4041 3791 3914 3794 3918 3797 3697 3807 3709 3866 3991 3869 3992 3873 3997 3874 3998 3876 3999 3877 4003 3881 4008 3885 4094 3886 4011 3899 4031 3905 4044 3914 4049 3945 4075 3949 4136 3954 4083 3961 4090 3964 4153 3975 4016 3977 4019 3985 4160 4000 4137 4001 4138 4006 4140 4007 4141 4008 4142 4010 4144 4011 4145 4012 4146 4013 4147 4014 4148 4015 4149 4016 4152 4030 4179 4033 4105 4034 4109 4038 4184 4040 4161 4050 4174 4053 4155 4055 4181 4057 4113 4058 4183 4062 4202 4063 4193 4065 4197 4070 4201 4073 4206 4075 4208 
308 2733 459 1672 533 560 586 3320 814 808 902 1019 908 3919 932 1430 1234 593 1673 448 1678 450 1912 792 1997 2900 1998 2901 2047 2122 2074 958 2228 1357 2359 1534 2458 2591 2478 1658 2518 2100 2606 3631 2619 1819 2766 2116 3016 3145 3017 3146 3033 2568 3093 3211 3103 1747 3122 3224 3166 1031 3206 2026 3240 2749 3280 628 3439 2576 3481 3866 3498 3641 3552 3363 3589 2922 3645 4139 3687 3821 3695 2559 3733 3862 3735 1217 3740 1762 3764 2853 3869 4017 3870 4020 3873 4023 3874 4024 3877 4031 3881 4033 3961 4100 4010 4188 4015 4159 4030 4196 4047 4157 4055 4200 




90 26 150 4171 423 2244 948 989 1097 4020 1106 943 1679 231 1992 3799 2409 4810 2614 3887 2848 3339 3883 3632 4024 4397 4082 4576 4346 2937 4415 3264 
101 489 644 3256 660 1747 1497 3073 1727 1919 1884 263 2231 99 2622 2799 2661 2794 2780 1272 3176 3457 3177 1833 3240 3831 3245 3723 3543 2353 3662 1033 4082 3743 
22 2472 153 858 758 603 762 1460 811 658 1054 771 1196 1280 1262 567 1486 916 1520 919 1525 947 1995 596 1998 2071 2045 1453 2051 2095 2056 2099 2066 2107 2085 1509 2086 1510 2109 670 2231 1035 2552 970 2602 2936 2751 1123 2776 1475 2967 2414 3339 2600 3353 1874 3405 2537 3417 1490 3715 1266 3768 2769 3777 3080 3786 2430 3794 2825 3860 1666 3966 3292 4009 3185 4098 606 4267 1037 4301 3302 4305 3387 4497 3484 
31 1674 47 170 48 171 124 1714 159 1743 172 1752 316 247 418 1924 429 564 454 641 455 642 519 3698 675 861 721 2142 726 1006 735 1000 744 788 755 2174 757 1036 811 1119 812 1120 813 1121 823 1128 828 2227 944 1246 957 2340 971 2206 1309 714 1657 1634 1777 1732 1793 1748 1802 2736 1803 290 1810 301 1819 2725 1864 1946 1884 1922 1917 1987 1926 1988 1936 2002 1943 3364 1995 2084 2027 2069 2045 2147 2056 2165 2066 2952 2072 2181 2085 2195 2086 2196 2107 2228 2168 3010 2199 3048 2272 2914 2536 2477 2601 2628 2602 2629 2604 2626 2608 2594 2615 2606 2621 3228 2625 2645 2634 3210 2724 1772 2748 2795 2751 3301 2752 3320 2765 2813 2772 2835 2792 1996 2804 2877 2828 2878 2842 2027 2844 2898 2855 3429 2869 2974 2872 2269 2886 3464 2899 3475 2900 2131 2902 2138 2948 3529 2956 3903 2982 3608 3118 3577 3152 3109 3197 3123 3220 3671 3221 3216 3248 3202 3249 3203 3257 58 3271 3268 3272 3269 3315 3275 3343 3732 3349 3739 3356 3345 3376 3327 3409 3379 3432 3412 3443 3819 3495 3873 3543 3129 3690 37 3705 3217 3768 3721 3769 3725 3782 3746 3786 3756 3795 3778 3797 3784 3798 3826 3825 4073 3829 3859 3842 3855 4022 3983 4061 4020 4073 4026 4074 4032 4076 4034 4078 4159 4082 4040 4101 4174 4103 4056 4222 4124 4226 4146 4245 4250 4271 4264 4315 4228 4353 4307 4355 4311 4358 4310 4376 4263 4394 4278 4407 4232 4416 3776 4423 4260 4448 4290 4454 4371 4470 4351 4471 4352 
22 2368 23 3683 306 3172 737 560 738 572 758 574 811 627 1191 3595 1262 1444 1998 1601 2045 544 2085 1686 2086 1687 2536 2039 2704 578 2852 2373 2855 1654 2861 2830 3032 1927 3353 2174 3662 1875 3768 3088 3777 3395 3784 2445 3794 3383 3795 3384 3867 1736 4063 3389 4082 3368 4140 1658 4246 1721 
79 1620 422 1065 652 2491 1414 2236 1452 1974 1674 1445 1712 218 1894 1952 1997 1769 1998 1770 2072 1864 2086 1874 2120 1818 2137 1825 2180 587 2319 3384 2350 188 2584 1960 2842 3219 2852 1841 2857 1844 2858 1845 2982 2323 3001 695 3060 1161 3177 1482 3347 3582 3368 473 3777 3587 3782 3562 3795 3598 3796 3902 3798 3220 4009 407 4076 3557 4082 3884 4115 3256 4236 3891 4252 3903 4331 4054 4355 4083 
439 538 732 1725 791 909 811 934 828 944 863 1802 899 1033 1106 2097 1782 771 1998 1959 2065 565 2081 2062 2085 2058 2086 2059 2106 948 2272 2616 2519 2360 2584 2491 2856 2156 3377 2153 3390 3353 3777 3817 3782 3496 3810 3546 4059 3992 4076 3491 4082 3765 4140 1701 4146 4014 4262 3957 4331 3974 4343 4060 4369 1507 4410 4125 4411 4126 
22 330 150 3277 372 2167 375 2168 602 2289 1105 2823 1345 2985 1727 372 1997 488 1998 489 2032 812 2137 2046 2536 1478 2602 3406 2766 3443 3368 2792 3456 2972 3710 3823 4082 4096 
31 1613 47 83 48 84 76 1689 101 74 118 1616 193 133 195 153 246 191 350 426 505 384 732 486 740 606 743 590 823 654 828 646 863 701 948 3655 1191 4252 1474 1389 1598 817 1707 131 1727 1659 1782 1803 1842 1867 1877 341 1890 408 1947 503 1979 2809 1995 1921 1997 1856 1998 1857 2005 561 2049 625 2059 844 2066 1961 2081 1981 2085 636 2086 637 2107 1998 2109 1994 2116 1983 2132 2004 2137 2057 2168 766 2198 781 2267 2836 2272 2174 2615 3220 2622 2586 2653 3669 2658 1633 2663 2591 2664 2592 2665 1654 2691 2685 2751 1764 2841 1915 2852 2747 2856 2855 2869 2760 2879 1979 2886 2770 2899 669 2948 2040 2954 2048 2956 2049 2972 2069 3001 845 3118 2379 3220 2595 3280 3675 3290 3261 3298 1664 3353 3260 3397 3345 3461 3340 3491 2797 3500 2038 3659 3574 3703 3167 3710 3625 3716 75 3758 3958 3762 3668 3768 3674 3769 3251 3781 3688 3782 3955 3796 3982 3802 3713 3810 3721 3832 3354 3860 263 3911 3462 4009 2544 4017 3618 4059 4134 4072 3949 4074 3951 4076 3953 4082 3959 4090 3700 4101 3988 4214 3911 4231 4118 4236 4130 4331 4125 4343 4234 4348 3253 4355 4147 4365 4254 4366 4176 4373 4193 4374 4180 4378 4263 4407 4294 4448 4336 4454 4341 





46 134 223 2122 519 1975 1098 2567 1099 2568 1215 3001 1762 989 1763 3689 1811 2308 2387 1638 2441 2998 2584 943 3714 3320 3720 1075 3972 3885 4022 4314 4091 1064 4393 780 4484 4889 4562 2996 
9 97 85 926 311 427 1098 1217 1099 1218 1762 99 1853 2692 1933 2959 2123 2263 2805 2938 2814 2663 2970 540 2991 1949 3201 2894 3246 1833 3264 334 3347 1637 3476 3258 4484 4246 
32 770 39 2157 133 620 222 2668 1185 2298 1762 1035 1768 1460 2084 587 2749 1322 2805 656 2902 3260 3071 722 3836 2414 4342 677 4393 2947 4457 2572 4610 597 
11 12 26 1669 34 1676 47 58 73 80 75 83 76 85 88 92 113 55 115 120 131 156 132 69 170 179 172 192 195 128 198 133 227 223 235 175 246 233 283 211 322 316 410 387 502 412 598 501 629 582 701 616 727 621 746 628 766 647 839 704 861 724 883 883 1042 597 1046 2169 1065 827 1066 935 1138 1093 1160 2320 1213 1201 1439 3582 1721 1578 1729 1618 1776 137 1811 1705 1825 1726 1830 155 1831 1683 1835 1690 1836 1743 1838 2724 1843 1752 1849 1759 1855 135 1866 1733 1869 1736 1907 1783 1921 1833 1923 1836 1971 1883 2024 408 2025 409 2032 1942 2091 2864 2109 2874 2112 1974 2147 2015 2150 650 2159 2908 2217 2900 2241 748 2311 983 2322 4253 2383 3045 2384 3046 2404 1013 2405 1014 2421 2129 2498 1129 2584 4179 2616 1432 2629 2418 2651 2501 2776 2569 2848 2667 2849 2672 2851 2644 2852 2675 2862 1723 2869 1786 2876 1806 2891 1818 2894 3327 2916 2730 2919 2731 2948 2776 2961 1919 2964 2787 2970 1930 2975 1890 2991 2809 3011 2826 3017 2828 3051 2821 3052 2860 3064 2895 3088 2872 3090 2925 3098 2873 3101 2891 3137 3473 3143 2971 3184 3496 3329 3092 3452 3208 3457 3199 3497 3266 3501 3740 3511 3278 3515 3279 3522 3284 3523 3286 3526 3306 3531 3321 3568 3784 3579 3365 3584 3808 3585 3372 3595 3382 3598 2813 3615 4366 3656 3415 3661 2886 3691 2923 3722 3505 3735 3506 3743 3523 3815 3559 3819 3564 3893 3653 3934 3713 3944 3717 3950 4047 3951 4048 3958 3298 3961 3283 3967 3312 3973 3760 3979 3325 3987 3771 3996 3775 4009 3783 4022 3814 4024 3815 4037 3830 4047 3404 4058 3408 4094 3476 4133 4178 4140 3919 4162 3923 4170 3568 4235 3977 4283 4036 4286 4043 4287 4044 4316 3781 4319 4086 4330 4100 4365 3863 4382 4303 4383 4304 4465 4238 4483 4358 4484 4255 4490 4265 4491 4266 4493 4267 4510 4131 4511 4123 4521 4288 4524 4300 4539 4311 4543 4180 4573 4236 4580 4353 4581 4356 4585 4359 4598 4272 4609 4286 4617 4390 4618 4386 4641 4421 4709 4453 4716 4467 4718 4471 4748 4516 4749 4517 4750 4518 4751 4519 
39 3278 58 672 195 139 229 168 231 174 264 2912 481 450 602 586 798 594 1042 1347 1732 1603 1764 2370 1853 2718 2832 3685 3201 4197 3511 2710 
9 56 53 102 131 1791 264 3671 485 2965 656 582 661 585 933 2583 1213 3352 1353 925 1614 3019 1764 1717 1849 1820 1853 2911 2025 462 2032 526 2116 2130 2163 643 2277 3241 2814 3531 2832 3460 2848 2895 2850 3556 2911 1932 2916 1954 3090 3739 3296 3375 3517 204 3587 3658 3598 3048 3831 3368 3899 3479 3934 3984 4009 4348 4022 4082 4163 3420 4484 4515 4490 4524 4493 4528 4524 4710 4585 4634 4618 4573 4641 4700 4718 4758 4740 4775 






196 492 591 427 599 1860 923 330 1043 817 2362 99 2861 2353 3388 1833 3457 2691 3527 2766 3588 1932 3625 2836 3626 2837 3684 718 3709 3449 3851 3019 4189 1324 4191 3258 4219 903 4326 2845 4327 2846 4721 3326 5085 4063 5090 3780 5156 3460 5290 4072 5376 1587 5458 4227 5465 4417 
81 261 169 2485 372 730 373 729 432 391 451 587 465 2818 533 2014 591 614 719 3260 837 2298 1045 3156 1164 647 1323 705 2090 2327 2095 2853 2219 305 2362 1035 2570 2501 3365 393 3544 386 3822 656 4189 3077 4220 2157 4343 2887 4710 2817 4717 2819 5050 2815 5233 3185 5253 3048 5279 3233 5528 3461 
55 1393 78 185 169 3142 287 2917 533 1559 591 2801 851 2378 1367 3595 1456 1261 2087 3754 2095 2829 2219 1448 2227 1455 2362 2491 2389 2263 2551 2932 2924 2578 3451 2211 3569 2787 3626 2316 3744 2791 3763 2777 4220 2058 4270 2797 4324 3163 4710 3113 5050 3109 5064 1126 5070 3393 5093 3411 5137 2933 5253 3371 5288 3675 
126 1501 138 24 151 52 177 63 197 1549 202 1554 242 2775 328 176 451 1620 599 1726 788 1813 796 1814 805 473 819 493 837 518 872 529 890 2233 899 2708 2086 1716 2168 1503 2189 1521 2196 2530 2219 114 2235 2569 2503 1746 2561 1800 2586 1824 2602 2691 2623 504 2626 523 2669 1880 2670 1881 2671 570 2705 583 2758 1482 2900 2079 3443 1513 3453 2524 3544 1627 3625 2653 3626 2654 3652 2686 3663 2683 3693 2700 3763 3089 4218 3122 4222 3527 4239 3144 4249 3551 4256 3153 4284 3194 4290 3597 4324 3232 4343 3251 4712 3530 4713 3531 4714 3532 4717 3541 4727 3557 4742 3555 4746 3878 4801 3609 4805 3252 4815 3619 4818 3622 4821 3626 4825 3932 5046 3859 5047 3860 5056 3864 5058 3545 5074 4054 5085 3903 5088 3911 5089 3912 5090 3914 5093 3916 5094 3917 5120 3936 5123 3642 5132 3566 5133 4098 5273 4051 5288 4070 5289 4071 5290 4072 5298 4083 5305 4179 5307 4181 5351 4207 5404 4172 5414 4226 5458 4250 5465 4223 5468 4257 5469 4224 5470 4258 5476 4228 5480 4190 5486 4272 5550 4307 5552 4308 
126 1760 374 1511 416 540 451 565 788 2012 796 2013 819 855 837 2050 875 941 1323 3789 2095 3082 2168 1764 2235 1616 2300 2651 2586 2023 2594 2032 2602 2782 2622 2061 2670 2816 3151 1400 3508 2650 3564 3229 3625 2745 3626 2746 3652 3225 3663 2772 3693 3288 3763 2842 4249 3540 4260 3206 4324 3259 4517 504 4818 3840 4857 4080 4902 1656 5076 3954 5088 3827 5089 3828 5090 3988 5093 3829 5123 3292 5273 3972 5288 3984 5289 4070 5290 4071 5298 3995 5468 4140 5469 4138 
53 60 112 1726 184 141 280 2733 432 369 629 3085 675 2025 767 2081 805 2792 833 2073 899 2097 2165 99 2202 1767 2236 1790 2364 1880 2501 1941 2521 1991 2595 680 2606 604 2687 2118 2694 2133 3380 3019 3384 2370 3438 2697 3448 2709 3453 2703 3459 2710 3527 2765 3622 2021 3648 2871 3709 3474 3726 2885 4223 2715 4232 2726 4260 3363 4324 3419 4331 3865 4332 3437 4373 3878 4698 3762 4706 3764 4711 3769 4721 3341 4727 3787 4742 3791 4743 3792 4777 3825 4792 3859 4796 3850 4804 4133 4815 3874 4823 3876 4954 3992 5048 4080 5062 4092 5070 4104 5076 3809 5079 4103 5085 4111 5088 4123 5089 4124 5090 4125 5114 3875 5115 4140 5133 4153 5135 4152 5136 3897 5139 4160 5254 4277 5288 4121 5289 4297 5290 4298 5297 4135 5351 4224 5383 4081 5385 4365 5402 4385 5415 4430 5453 4412 5456 4413 5458 4368 5465 4424 5468 4425 5470 4426 5473 4393 5485 4437 5486 4438 5552 4480 5557 4505 5574 4514 5575 4515 5576 4513 
144 3603 242 2191 432 42 533 563 579 3235 796 1942 805 423 819 1952 837 626 923 3302 1235 987 2086 3141 2089 778 2362 3655 2471 619 2521 1869 2535 1927 2561 1903 2602 2748 2620 606 2626 2755 3386 2161 3536 1978 3544 1586 3557 2592 3580 161 3663 2740 4256 3653 4270 3165 4321 3300 4324 3298 4818 3716 4860 3770 5058 3941 5074 4125 5081 3948 5088 3961 5089 3962 5090 3964 5093 3960 5123 3971 5133 4173 5139 4175 5273 4124 5284 4247 5288 4135 5290 4139 5315 4047 5465 4300 5469 4339 5550 4371 







240 539 304 224 305 1778 443 730 750 540 896 4090 989 99 1086 1167 1089 2305 1159 1230 1249 1275 1550 1385 1714 1908 2058 1932 2084 179 2092 184 2117 1810 2122 239 2124 661 2126 246 2131 2054 2148 427 2180 732 2197 2090 2285 838 2287 2160 2288 2167 2307 2161 2314 2189 2324 882 2325 883 2442 3250 2500 2050 2525 1129 2555 2350 2556 2351 2567 1217 2568 1218 2995 2765 3000 372 3003 3258 3121 2016 3130 2691 3193 1858 3195 2935 3206 2147 3244 1927 3252 2954 3326 2933 3421 3087 3662 3633 3692 3457 3812 2920 3827 2942 3829 3446 3847 2121 3852 2130 3879 2996 3940 3546 4198 3347 4250 3326 4259 3739 4283 3818 4290 3824 4294 3769 4295 3829 4296 3826 4311 3833 4339 3868 4343 3504 4353 3526 4427 4154 4430 4158 4548 4015 4562 3734 4566 3802 4573 3803 4576 3743 4596 3754 4599 3759 4606 4056 4607 4059 4608 4064 4611 4066 4612 4067 4620 3844 4623 3787 4624 3788 4625 3858 4642 3878 4741 4441 4774 3729 4787 3811 4788 4099 4832 4143 4833 4285 4846 4313 4889 4246 4898 4259 4900 4360 4906 4361 4907 4362 4916 4383 4917 4283 4931 4307 4963 4353 4964 4354 4979 4374 4982 4431 5020 4498 5027 4458 5034 4481 5055 4499 
298 208 305 210 900 2191 927 1287 1984 1900 1988 436 1992 452 2101 1759 2190 704 2525 1032 2635 1139 3037 1895 3042 1891 3130 2680 3273 4336 3279 3409 3420 3045 3845 2794 3972 3559 4078 1229 4295 2925 4303 3840 4341 3000 4599 3783 4619 3465 4626 3472 4650 3002 4791 3851 4798 4267 4889 4255 4898 4363 4916 4299 4918 4303 4919 4304 4963 4359 
453 1856 1159 2313 2122 1582 2438 1533 2502 2941 2998 1484 3128 220 3691 3511 3735 2610 3746 3199 3879 3670 4294 3594 4340 1960 4410 4113 4544 3914 4550 3918 
40 3353 134 1983 172 3272 943 2097 1897 2842 2137 1994 2976 993 3003 3728 3230 890 3298 3725 3856 831 4294 3531 4371 3957 4544 3988 4550 3832 4571 1316 
120 592 340 653 393 1419 443 2095 573 1293 908 990 1035 1549 1159 2391 1161 1230 1665 1294 2089 2846 2122 1788 2124 2037 2130 2863 2155 2058 2197 2097 2285 780 2345 2985 2442 3511 2495 1137 3105 2067 3160 2734 3326 2886 3341 3029 3421 3099 3796 3873 3860 3510 3988 473 4052 3685 4259 3796 4260 3872 4275 3885 4287 3482 4290 3892 4292 4154 4294 3827 4296 4152 4328 3539 4377 3484 4516 4095 4548 4086 4550 3847 4562 3787 4565 4135 4567 4139 4576 4096 4608 4110 4624 3855 4643 4188 4668 4341 4710 3979 4774 4092 4813 897 4825 4181 4906 4385 4916 4436 4917 4322 4918 4437 4919 4438 4920 4402 4931 4406 4963 4375 5002 4456 5021 1 5043 4485 
304 1834 443 735 452 748 647 2965 908 1049 1027 2131 1268 1315 2041 455 2101 1820 2122 1844 2131 2126 2155 2135 2324 920 2325 921 2413 968 2435 2310 2591 2508 2638 2438 3086 3012 3105 1329 3130 2915 3232 2242 3255 3039 3298 1718 3407 1079 3817 3626 3879 3235 3933 3772 3985 3326 4023 4196 4038 3317 4074 3882 4119 3427 4259 3604 4294 4069 4295 3739 4311 3747 4314 4082 4333 3778 4363 4396 4364 3810 4377 4405 4427 4228 4491 3460 4562 3594 4565 4107 4573 4111 4576 4040 4596 4347 4599 4348 4605 4355 4606 4356 4607 4357 4608 4361 4610 4143 4612 4365 4615 4148 4623 4385 4624 4386 4626 4158 4634 4161 4668 4430 4691 4425 4761 4534 4774 4506 4794 4524 4798 4528 4840 4577 4889 4515 4898 4642 4900 4643 4906 4646 4907 4647 4908 4645 4916 4574 4919 4665 4923 4667 4963 4634 4964 4700 4972 4658 4976 4704 5020 4760 
210 3482 357 1757 383 2187 538 507 989 3655 1031 3080 1057 3058 1354 3596 1724 4241 1762 622 2081 625 2277 746 3105 263 3686 2161 3741 161 4294 3706 4326 4175 4544 3964 4546 3966 4576 3959 4583 4155 4856 604 4940 4307 








190 3250 508 3253 728 3289 752 842 1022 99 1059 359 1063 492 1656 1833 1950 2753 1993 4201 1995 1654 2205 3258 2406 3457 2907 3831 2940 1243 3200 334 3580 2623 4046 1587 4073 2647 4314 1623 
508 2469 710 2092 994 435 1055 2907 1885 1484 2083 2157 2135 641 2181 314 2287 1720 2403 2075 2658 2818 2744 2476 2940 3185 3313 2457 3466 1800 3633 2815 3888 2297 3971 3055 4147 3334 4225 3440 
206 3966 403 2527 710 4044 987 2885 1087 37 1236 1445 1387 2495 1393 3667 1840 2925 2060 4045 2098 3232 2396 3123 2972 2895 3210 3599 3446 2539 3755 1190 
181 135 194 156 485 404 535 439 684 572 769 676 828 994 1037 887 1572 121 1710 1602 1736 2520 1813 3583 1815 1661 1840 689 1950 1388 1985 1938 2036 2687 2082 2274 2115 1934 2153 842 2270 3701 2352 2881 2406 1391 2560 2372 2578 2393 2580 1521 2662 2467 2673 1629 2724 2507 2865 4058 2871 1962 2972 2717 2997 3351 3053 2175 3166 3012 3167 3013 3175 2341 3181 3028 3186 3035 3188 3036 3242 3098 3249 3106 3259 3123 3301 3150 3305 3157 3359 453 3461 3301 3633 3505 3639 3506 3645 2357 3684 3544 3696 3111 3787 3641 3827 3695 3835 3913 3869 3740 3882 3714 3958 3825 3961 3826 3966 3827 3974 3834 3976 3566 3977 3567 3982 3998 3990 3999 4022 3230 4062 3914 4074 3923 4142 3989 4144 3992 4154 4089 4157 4003 4186 4160 4191 4115 4202 1432 4215 4075 4222 4086 4225 4144 4228 4087 4231 4090 4260 4116 4271 3091 4278 4137 4279 4138 4280 4140 4284 4146 4286 4148 4287 4149 4302 4158 4307 4161 4318 4174 4351 4208 
246 328 320 2404 407 479 508 3303 769 3325 1037 2122 1778 1773 1795 2706 1885 4157 1897 640 1950 3861 2036 3712 2115 886 2135 1890 2180 1684 2305 4139 2580 1659 2683 2686 3051 1357 3181 2568 3200 1009 3242 2663 3314 2924 3453 4086 3466 1762 3585 3073 3645 2576 3671 3631 3880 3047 3951 4155 3974 3866 3982 4024 4051 2922 4144 4017 4225 4188 4231 4100 4359 4239 
403 3957 684 1983 774 943 792 109 871 1638 965 2699 1392 3080 1593 2122 1840 3082 1885 2061 2084 2213 2135 2408 2157 1839 2406 1515 2907 3808 2969 1263 3314 3669 4095 2574 
298 2490 629 1949 767 2705 788 2721 1022 3655 1521 2262 1736 3141 1812 2161 1877 618 1878 606 1885 619 2082 3140 2865 431 3082 626 3200 3188 3888 625 3969 844 4073 1278 4167 263 4271 2254 









1 2719 187 1226 361 2570 427 614 754 567 871 722 923 2414 1029 310 1243 3185 1324 3077 1475 2134 2647 2457 2753 2157 3250 2787 3253 2469 4200 1800 4289 2822 
124 2515 1324 3595 1371 1438 1748 3102 1975 2276 1981 2283 2001 3303 2023 2278 2028 1789 2201 3277 2206 2299 2749 531 2753 2058 2836 2814 2837 2316 2894 330 2955 698 3457 3069 4001 1612 
86 12 98 18 163 1680 164 1681 166 155 167 71 205 1759 231 1771 235 150 289 188 290 189 296 195 347 1054 376 1670 408 294 426 3714 441 317 875 2916 1129 1032 1460 2418 1712 1656 1745 2133 1750 1687 1764 1694 1778 210 1784 1722 1806 1742 1843 251 1846 1798 1909 1864 1954 2813 1976 546 2280 2200 2537 2542 2572 5 2691 2680 2725 2676 2726 2677 2734 2682 2740 3327 2741 1784 2780 2718 2795 1859 2804 2734 3118 3089 3374 3358 3546 2277 3650 3680 3700 4028 3717 3739 3759 3783 3767 3776 3892 3564 4005 4029 4052 4064 4205 3702 4222 4239 4246 4255 4259 4363 4353 4359 4427 4378 4428 4380 
100 459 346 3630 871 1169 1310 1063 1560 1871 1623 4157 1665 2100 1975 2706 2147 2126 2206 2733 2574 1897 2753 3861 2892 4139 3101 583 3257 3073 3451 4114 
125 3422 239 1582 346 2785 452 3384 593 377 597 378 629 1533 955 195 1029 3089 1775 2574 1833 1482 1874 623 1981 1765 2811 3219 2836 2653 2837 2654 2839 2693 2845 2668 2846 2669 2894 1852 2979 3670 3400 2678 3618 3372 3769 3594 3780 3914 3834 2886 3892 3973 4053 4060 4059 3599 4064 3902 4071 4071 4072 4072 4227 4250 4307 4137 4383 4239 
79 3353 140 208 239 1582 305 2489 561 274 1655 2893 1729 3838 2644 3163 2656 2614 2825 3546 2836 2745 2837 2746 2902 1855 3008 4189 3254 3725 3277 3173 3460 3389 3678 3507 3679 3509 3680 3510 3681 3511 3690 3513 3769 3531 3780 3988 4064 3794 
3 1689 75 41 92 44 96 1704 149 114 164 688 184 130 188 1766 206 2715 213 155 228 1778 231 1785 239 1788 245 179 283 202 327 1831 336 255 361 3443 464 1901 527 419 576 801 617 2846 659 2039 661 2037 754 653 785 2099 838 780 839 750 876 748 945 841 955 826 1033 990 1300 2435 1346 1364 1689 2067 1692 25 1758 1762 1767 1773 1782 1784 1801 1797 1837 277 1884 2775 1911 1915 1938 472 2053 2863 2054 2864 2066 2030 2067 2028 2079 2052 2089 2062 2090 2097 2096 2077 2117 2120 2150 711 2167 2924 2194 777 2206 3274 2208 792 2347 2951 2422 3143 2510 3210 2656 2676 2675 2699 2680 2702 2692 2718 2700 3774 2708 2725 2716 2731 2738 2747 2739 2748 2740 1835 2753 3278 2766 2765 2805 3396 2811 3403 2836 2830 2837 2831 2846 1999 2889 2861 2892 2064 2895 289 2914 2085 2919 2884 2933 2886 2994 872 3020 2279 3071 3560 3087 3099 3169 4015 3223 2560 3250 3511 3275 3285 3277 3288 3279 3290 3310 3330 3314 3334 3326 3341 3347 3363 3370 3833 3383 3416 3414 3870 3416 3441 3420 3873 3438 3473 3445 2905 3446 3496 3449 3474 3453 3484 3456 3896 3467 3914 3471 3517 3571 3592 3637 4021 3641 3722 3666 4051 3690 3747 3695 3753 3699 3766 3713 3772 3729 4092 3734 3787 3739 3796 3743 4096 3752 3809 3753 3379 3769 3827 3780 4125 3787 3854 3788 3855 3795 4135 3797 3866 3803 3875 3813 3459 3817 4147 3818 3889 3824 3892 3825 4151 3826 4152 3833 4160 3847 4173 3873 3930 3879 4188 3883 4189 3886 4198 4010 4083 4015 4086 4055 3835 4059 3837 4063 4111 4064 4110 4072 4298 4081 4129 4091 4142 4121 4177 4136 4333 4143 4196 4145 4341 4164 4217 4174 4236 4178 4232 4179 4350 4199 4356 4214 4273 4227 4368 4228 4365 4246 4098 4257 4294 4263 4117 4271 4132 4272 4305 4283 4322 4285 4178 4286 4398 4292 4433 4293 4334 4307 4406 4341 4366 4353 4375 4354 4376 4360 4380 4361 4385 4383 4436 4391 4442 4401 4448 4417 4424 4421 4426 4431 4465 4432 4464 4466 4493 4476 4477 4484 4491 4488 4498 4497 4501 4509 4514 
17 13 47 67 53 65 62 55 83 48 84 40 90 43 92 63 97 56 103 100 132 3445 156 180 163 1783 164 1784 199 1804 205 1820 214 166 216 169 224 1834 235 197 236 198 239 1844 258 1862 266 229 289 236 290 237 291 238 299 1894 303 254 308 248 340 1890 342 302 363 396 373 340 374 1918 375 342 382 360 388 350 396 429 416 1934 420 1938 432 457 437 1949 447 1966 467 488 499 1987 502 468 508 458 682 727 690 3124 720 690 730 735 821 2269 867 895 883 921 955 1059 992 3260 1560 1663 1655 3515 1672 1733 1673 1734 1687 1740 1689 1329 1692 1749 1693 1750 1712 2861 1750 1790 1754 1782 1755 1789 1758 1803 1775 1857 1780 1822 1781 1823 1784 1818 1794 1829 1797 1831 1798 1839 1800 1838 1801 1853 1806 1835 1808 1843 1815 1855 1819 1867 1820 1868 1827 1870 1839 1898 1844 327 1868 1936 1876 1943 1909 1969 1911 455 1918 3014 1923 2024 1926 1984 1932 490 1939 2009 1943 1997 1954 3048 1982 629 2054 2126 2064 3138 2065 3139 2066 2186 2126 2275 2147 838 2150 933 2194 3167 2208 2343 2216 3242 2291 2405 2578 1655 2636 2849 2644 2858 2662 1739 2663 3531 2675 2892 2680 2885 2689 3565 2692 2911 2693 2899 2694 2900 2695 2927 2699 2924 2704 2935 2720 2933 2721 2934 2723 2936 2724 2937 2731 2941 2732 2942 2735 2947 2742 2950 2743 2951 2744 2952 2754 2964 2755 2986 2758 2972 2763 2977 2767 2980 2775 2987 2782 2992 2783 2993 2786 3628 2787 3629 2790 3631 2795 2998 2799 3037 2800 3007 2801 3011 2802 3025 2807 2014 2811 3036 2859 3673 2889 3714 2890 3153 2891 3154 2898 3164 2903 3162 2914 2225 2940 3211 2957 3222 2961 3196 2969 2272 2996 3235 3087 3307 3254 1718 3267 3977 3268 3528 3275 3532 3276 2864 3277 3534 3278 3535 3309 3561 3315 3568 3340 3590 3342 3592 3350 3609 3359 3634 3368 3642 3374 3647 3376 3659 3416 3719 3421 4107 3424 3706 3435 4142 3456 3743 3471 3232 3485 3241 3602 3400 3637 3946 3650 3956 3677 3972 3678 3973 3679 3979 3680 3980 3681 3981 3686 3983 3690 3982 3695 3984 3699 4001 3700 3988 3710 4307 3711 4308 3717 4014 3720 4016 3733 4029 3734 3594 3739 3604 3743 4040 3745 3610 3750 4044 3753 4345 3754 4347 3759 4348 3762 4068 3767 4061 3769 4069 3787 4385 3788 4386 3797 4121 3803 4111 3808 4116 3809 4117 3812 4399 3816 3727 3817 4128 3824 4138 3826 4139 3827 4149 3829 3739 3833 3747 3845 4410 3848 4412 3873 4178 3879 3790 3971 3947 4002 4302 4005 4305 4012 4319 4013 4315 4025 4325 4026 4326 4027 4327 4032 4335 4033 4336 4037 4045 4038 4333 4044 4516 4052 4344 4055 4355 4056 4356 4058 4368 4059 4357 4060 4352 4064 4361 4067 4365 4076 4372 4091 4120 4092 4554 4106 4143 4121 4413 4140 4429 4143 4433 4145 4430 4154 4228 4178 4466 4179 4465 4211 4490 4215 4299 4216 4300 4221 4501 4222 4497 4226 4505 4231 4502 4232 4503 4233 4504 4238 4507 4243 4510 4246 4515 4247 4513 4249 4514 4252 4638 4254 4520 4255 4521 4257 4528 4259 4642 4283 4661 4285 4570 4287 4572 4303 4587 4343 4626 4344 4627 4345 4628 4346 4630 4347 4631 4353 4634 4354 4700 4360 4643 4361 4646 4362 4647 4370 4654 4376 4659 4408 4695 4409 4697 4424 4705 4428 4707 4466 4758 4469 4740 4493 4746 4498 4760 4503 4775 4507 4790 4508 4791 4509 4794 
99 3655 467 53 489 74 1623 619 2016 3482 2090 2019 2647 1278 2799 2586 2825 3721 2938 684 2979 3790 3363 3621 3739 3955 3743 3959 3769 3706 3780 3964 3921 2187 4064 3982 4071 4140 4072 4139 










302 420 403 141 407 483 410 1674 614 788 624 2882 645 834 658 1119 1322 129 1323 1648 1337 294 1439 3698 1453 2147 1509 1088 1797 3123 1983 2869 2075 2527 2092 4044 2102 3429 2139 4027 2204 2457 2289 2485 2472 2561 2492 3327 2551 2156 2598 3034 2719 3148 2853 2925 2934 3673 3013 1745 3043 4040 3055 4048 3060 3370 3076 3129 3232 4218 3233 4219 
162 99 218 207 281 2199 305 1448 369 2337 382 375 401 435 403 398 410 1566 436 433 519 480 520 517 534 540 536 509 569 547 591 572 595 579 603 574 629 600 637 604 652 634 658 627 659 628 668 642 681 657 722 698 735 1732 758 826 924 930 939 934 947 935 991 1128 1120 1303 1206 1388 1220 2202 1228 210 1230 217 1231 2211 1283 1507 1284 1508 1305 322 1344 1588 1347 1545 1379 438 1415 1636 1425 1622 1429 1639 1440 1643 1442 1638 1453 544 1459 551 1470 575 1475 1678 1484 330 1509 1686 1510 1687 1520 633 1530 658 1569 1737 1570 814 1704 2562 1874 2174 1879 2179 1917 2194 1947 2214 1958 2226 1966 2234 1968 2267 1981 1497 2014 1559 2071 1601 2077 2353 2078 1464 2086 2346 2088 2345 2095 2360 2098 1646 2099 1647 2102 1654 2105 2373 2140 2391 2162 1790 2163 1791 2168 1800 2172 2472 2182 1811 2190 1863 2290 1085 2301 2520 2364 2709 2378 2714 2379 2715 2382 2720 2392 3100 2393 3101 2419 2186 2451 2220 2453 2760 2454 2770 2458 2764 2465 2260 2472 2368 2485 3142 2502 3155 2520 3258 2522 2815 2540 2838 2541 2839 2555 2349 2559 3183 2578 1672 2612 2928 2633 3262 2644 2958 2672 2519 2678 2524 2769 3088 2778 3086 2784 3105 2803 3106 2814 3108 2815 3109 2817 3113 2824 3129 2825 3383 2829 3135 2854 3164 2877 3161 2878 3162 2882 2843 2887 3179 2901 2857 2904 3211 2915 2933 2935 2305 2945 2483 2952 2341 2970 3274 2975 3282 3043 3368 3046 3365 3048 3371 3060 3127 3065 3376 3066 3390 3074 3393 3077 3595 3078 3157 3079 3405 3080 3395 3087 3178 3090 3176 3094 3181 3095 3190 3115 3208 3144 3468 3214 3532 3223 3671 3238 3565 3248 3574 3272 3594 3273 3592 3275 3442 3277 3461 3285 3610 3293 3622 3303 3723 3322 3733 3334 3542 3335 3543 3336 3668 3337 3546 3341 3548 3342 3672 3343 3551 3348 3738 3351 3673 3352 3674 3359 3579 3363 3577 3366 3687 3374 3615 3387 3617 3393 3731 3398 3662 3399 3664 3400 3666 3402 3739 3404 3744 3406 3682 3407 3680 3409 3691 3414 3697 3419 3604 3437 3764 3441 3768 3444 3740 3448 3741 3450 3683 3469 3785 3475 3806 3477 3810 3482 3816 3484 3821 3489 3828 3494 3832 
380 2431 770 934 850 3783 1035 3162 1288 2637 1471 712 1484 355 1500 1991 1512 2717 2018 3909 2087 2952 2120 2704 2162 1975 2163 1976 2168 1985 2432 3103 2472 4058 2633 1962 2825 2485 2854 3594 3130 1974 3227 3997 3234 4008 3341 4089 3342 4090 3343 3999 3440 4144 
60 41 86 67 114 1538 162 1590 169 4139 305 1739 386 583 407 3418 410 627 411 1877 515 774 520 834 534 851 610 886 736 873 935 3047 950 1298 1072 2474 1102 2568 1115 1606 1270 3631 1272 4157 1298 1577 1422 2856 1500 2110 1512 2116 1570 1022 1582 2149 1687 2315 1821 3145 1824 3101 1907 1684 1955 899 2143 3343 2162 2900 2163 2901 2182 2917 2237 2965 2327 459 2363 3542 2367 3551 2368 3555 2379 3561 2414 286 2432 3211 2450 3224 2472 2253 2485 1724 2644 2916 2815 3599 2817 3603 2818 3600 2819 3854 2825 3622 2839 1992 2853 2108 2854 3893 2973 2990 2975 3771 3023 3994 3052 3859 3053 2686 3058 3863 3066 3869 3069 1089 3079 3888 3103 4047 3104 3913 3107 3916 3108 3882 3201 4079 3223 4095 3227 4023 3234 4033 3273 4054 3319 3836 3327 4148 3335 4094 3338 4159 3342 4100 3359 4119 3374 4134 3399 4153 3409 4123 3440 4188 3446 4168 3489 4225 
305 114 369 3589 386 1627 411 275 551 1894 1256 1595 1282 424 1331 3915 1360 1129 1425 443 1484 1852 1791 1053 2071 1770 2297 1856 2298 518 2501 1840 2633 492 2817 3536 2819 3541 2877 3227 2878 3228 2887 3251 2901 2700 3014 150 3075 3885 3080 3587 3185 407 3229 3891 
144 1622 155 192 162 199 266 1696 513 1994 638 917 642 1263 658 934 659 935 705 3789 729 3229 1007 1410 1072 19 1307 861 1425 790 1484 2061 1509 2058 1510 2059 1563 2156 1824 2503 1830 2504 1839 2516 2029 1907 2071 1959 2361 403 2414 2412 2467 2026 2469 1191 2578 2052 2818 3528 2824 3537 2877 3254 2878 3255 2901 3288 2970 2935 3014 3728 3023 3742 3080 3817 3140 3878 3186 78 3336 3973 3354 254 3363 3995 3451 676 
391 369 736 1132 770 3009 1228 1764 1230 2709 1308 2071 1322 1900 1495 4072 1574 2263 1872 3685 1955 950 2014 2795 2071 489 2157 3278 2472 330 2659 4357 2877 3420 2878 3421 2983 1941 3013 2203 3074 4104 3083 3277 3232 4288 
110 314 386 1586 391 42 407 200 410 1613 596 1921 617 596 935 606 947 1162 1035 3655 1039 3143 1237 674 1272 619 1360 1949 1368 319 1510 637 1666 263 1874 3260 1955 2837 2071 1857 2120 3603 2468 5 2485 3163 2877 3291 2878 3292 2973 3235 3074 4101 3130 1842 3185 2544 3229 4130 3232 4105 











36 1927 141 398 1119 627 1270 903 1341 2483 1525 2832 1672 512 1710 3172 2013 688 2141 689 2147 544 2701 1520 2888 1058 2925 2829 2992 3220 3190 2797 3327 2179 3364 1643 3370 3127 3384 1694 3401 2777 3412 3181 3429 1654 3600 831 3608 1126 3721 3088 3778 3384 4040 3368 4168 3536 4275 2807 4276 2627 
419 1435 438 1444 469 781 881 914 958 457 1021 3846 1337 3148 1914 756 2006 2661 2019 1668 2033 2687 2055 452 2162 3461 2539 2274 2561 4058 2654 2047 2895 2717 3129 2748 3150 2520 3601 357 3609 3037 3748 3259 4044 3268 4057 3780 4246 4031 4259 1052 4304 1962 
146 621 170 635 171 636 438 161 469 4111 483 3418 1142 799 1674 627 2561 2253 2828 1979 2925 2108 3128 3630 3190 3642 3384 2099 3608 2100 3609 2678 3639 593 4113 3980 
201 1533 654 162 942 1938 1049 429 1873 710 1960 583 2017 1894 2106 2775 2181 1864 2196 1874 2499 407 2871 3772 2888 1484 3128 2785 3401 3089 3608 2323 3746 3562 3778 3598 3846 3511 3895 2818 4034 3557 4040 3884 4311 4083 
37 654 293 1910 422 4000 725 2096 1032 874 1119 934 1182 946 1519 985 1639 1399 2161 866 2195 2058 2227 944 2503 3670 2539 2408 2837 3725 2914 2616 2992 3837 3401 2842 3603 3728 3651 2471 3661 579 3778 3792 3846 2841 3996 3081 4034 3491 4210 3724 
145 66 170 83 207 3669 295 267 848 449 958 581 1032 596 1128 654 1337 2881 1640 1584 1674 1613 1710 1886 1713 3671 1736 2161 2084 1921 2106 2191 2195 636 2196 637 2227 646 2500 3138 2606 3220 2674 3183 2810 48 2823 1954 2914 2174 3149 2588 3190 3165 3501 3403 3533 3375 3601 2544 3655 3924 3671 2595 3972 3603 4032 3951 4034 3953 4040 3959 4219 4106 4311 4147 












53 255 558 4100 592 2175 783 792 1056 3259 1057 2873 1790 1975 1791 1976 1800 1985 1926 3461 2004 1270 2367 712 2368 4058 2818 711 2829 689 2844 2069 2916 3281 2987 2274 3189 3922 3262 1962 3350 3786 3406 4008 3465 1974 3736 4144 
99 1590 101 199 540 851 562 2039 707 1132 814 1022 1126 2100 1448 1739 1559 2114 1670 2092 1790 2900 1791 2901 1811 2917 1943 534 2235 2010 2368 2253 2393 2851 2715 3561 2736 3575 2777 2678 2797 3642 2830 287 2860 621 2995 286 3109 3599 3113 3603 3142 1724 3164 3893 3282 3771 3390 3869 3406 4033 3407 3303 3518 2445 3579 4119 3664 4153 3672 4100 3736 4188 
168 57 192 3318 330 1852 545 423 546 424 558 1129 576 493 993 1703 1058 1484 1126 2323 1387 60 1448 114 1601 1770 1622 443 1646 481 1664 1836 1665 518 1687 1874 2173 2569 2283 1765 2315 2653 2316 2654 2326 2669 2337 3589 2360 1814 2377 2693 2451 2941 2578 1533 2624 150 2772 3219 2820 2668 2857 2700 3113 3536 3139 3194 3161 3227 3162 3228 3163 3232 3249 3670 3262 492 3325 3755 3383 3597 3384 3598 3395 3587 3411 3916 3496 3988 3577 4083 3623 4118 3636 3992 3675 4070 3807 4291 
99 199 300 565 350 502 433 168 485 793 578 546 598 921 600 898 618 840 627 934 628 935 791 1050 1301 207 1302 208 1441 508 1457 1804 1601 1959 1622 790 1647 848 1686 2058 1687 2059 1732 2095 1797 2129 2004 2404 2298 1512 2315 1961 2316 2746 2322 2748 2360 2013 2530 2275 2624 3728 2721 2612 2722 3166 2777 2842 2857 3288 2910 3322 2995 2412 3080 3164 3101 3491 3161 3254 3162 3255 3163 3259 3166 2759 3220 3837 3274 2935 3283 3657 3310 3692 3384 3792 3395 3817 3411 3829 3558 3985 3577 3995 3667 3972 3668 3973 3675 3984 3748 3999 3807 4201 3821 4212 
192 3277 210 1764 401 1941 417 3431 441 477 1242 1294 1355 1710 1559 2795 1601 489 1771 990 1873 1909 2058 3278 2160 2680 2316 1975 2325 1998 2326 1999 2777 1721 2796 3820 2829 950 2938 3275 3161 3420 3162 3421 3163 3419 3384 3833 3393 4104 3411 3848 3558 4120 3675 4121 
288 3596 304 2254 444 452 590 606 957 1170 1126 1143 1179 2522 1538 1590 1601 1857 1663 590 1687 637 2173 3259 2174 3260 2322 2722 2325 1919 2326 1920 2338 827 2373 2747 2377 625 2462 2730 2627 3603 2772 3324 2796 3168 2797 3165 2829 2837 2952 1949 3142 3163 3161 3291 3162 3292 3163 3298 3249 3790 3393 4101 3407 2161 3411 3960 3490 626 3617 4054 3675 4135 3807 4361 3821 4386 













33 119 127 235 598 710 601 695 602 696 673 792 674 793 800 957 887 2122 906 958 915 446 1270 1410 1417 1534 1435 1558 1444 161 1467 1574 1521 1659 1623 448 1641 479 1673 527 1754 1893 1833 1983 1878 808 1909 2030 1916 2865 1934 886 1975 2900 1976 2901 1988 1019 1991 2110 2161 1405 2167 2422 2368 2591 2370 2590 2377 2599 2393 1658 2485 3622 2515 2711 2521 1818 2588 2778 2589 2779 2619 2791 2645 2023 2686 51 2717 2116 2732 2120 2813 3425 2865 3505 2876 4139 3012 3145 3013 3146 3020 3157 3028 2568 3037 2678 3103 3211 3112 2668 3117 3217 3130 3224 3140 3229 3141 3230 3205 3666 3347 3426 3384 3488 3556 3861 3585 1829 3594 3893 3606 3283 3622 3293 3826 3609 3832 3862 3834 3866 3863 3664 3871 3678 3918 3757 3923 3953 3945 4062 3992 4017 3997 4023 3998 4024 4001 4030 4008 4033 4011 4037 4023 4122 4031 4119 4032 4046 4033 3919 4035 4129 4058 2253 4083 4091 4088 4096 4090 4100 4095 4035 4096 4109 4144 4188 4152 4160 4161 4175 4162 4176 4179 4196 4181 4200 4189 4210 4197 4224 4206 4235 
216 393 511 662 572 1983 1594 1513 1646 3392 1727 1935 2277 3080 2664 2097 3011 70 3012 1915 3128 3956 3339 3345 3461 3724 3644 3813 3822 3791 3823 2490 3849 3353 
700 2932 911 287 934 3009 940 813 1205 1294 1388 3278 1668 2489 1879 2231 2008 3511 2274 806 2276 897 2463 3996 3113 3925 3137 3270 3177 4156 3466 661 3778 251 3780 3277 3880 2957 3997 2912 4060 2064 4181 3947 














29 2775 128 63 144 66 196 98 1001 170 1179 131 1693 1501 1754 1559 1855 1129 2174 3670 2202 3384 2365 2500 2625 2785 3564 3973 3568 4113 3916 1404 
24 60 54 1739 128 139 134 140 135 141 597 1347 1096 1721 1771 1785 2307 679 2501 1900 2531 2168 2628 3291 2644 2703 3112 3277 3249 2690 3252 3288 3278 2710 3448 777 3706 3285 3822 4262 
2 1739 7 1748 8 55 60 102 73 130 94 140 111 1809 144 184 154 1829 156 1791 170 205 174 219 180 1817 185 217 188 236 189 237 196 223 283 357 286 363 310 391 314 334 359 398 572 613 588 584 731 715 752 759 792 2257 980 1107 1134 1299 1201 3352 1408 1379 1656 2861 1680 1783 1681 1784 1691 1792 1693 139 1722 1818 1727 179 1742 1835 1746 1845 1750 1855 1754 1850 1759 1820 1761 1870 1762 2936 1763 2937 1769 210 1771 1834 1778 1878 1784 1891 1859 2998 1864 1969 1883 1966 1900 1988 1954 3666 2034 643 2118 739 2174 3235 2194 4676 2201 3241 2307 1288 2339 2560 2418 2580 2628 3531 2635 2875 2645 2890 2655 1824 2656 2908 2667 2895 2673 3556 2680 2915 2684 1877 2692 293 2730 1954 2776 3014 2777 147 2813 3048 2830 2061 2915 2190 2925 3739 2942 3743 2943 3744 3046 3307 3239 1718 3246 768 3270 3547 3272 4002 3273 2891 3274 2894 3287 4021 3288 4022 3296 2927 3297 4027 3310 3586 3311 3587 3332 3621 3358 3647 3370 3028 3382 4078 3424 4117 3713 3984 3731 3998 3739 4014 3741 4015 3742 4016 3743 4011 3744 4019 3745 3564 3746 4018 3748 4023 3752 4026 3767 4332 3776 4061 3783 4348 3802 4354 3814 4082 3847 4128 3894 4185 3940 3851 3955 4244 3977 4466 4027 4299 4028 4302 4029 4305 4040 4007 4058 4514 4064 4344 4153 4413 4180 4433 4239 4497 4250 4511 4255 4515 4265 4524 4267 4528 4300 4710 4349 4503 4351 4622 4359 4634 4363 4642 4364 4643 4380 4707 4386 4573 4388 4713 4401 4678 4421 4700 4471 4758 4475 4760 4513 4786 4518 4793 















475 1595 583 1627 1031 1484 1042 3372 1162 1716 1214 2775 1365 1236 1731 1570 1739 114 1877 275 2592 990 2678 3089 2852 2949 2893 1801 3047 518 3188 2755 3389 1960 3603 3536 3926 492 4133 4236 
83 76 84 77 135 120 136 121 456 1802 640 690 641 691 1009 1512 1131 1839 1590 199 1890 2408 1989 1994 2108 3082 2800 857 3101 2503 3600 3528 3606 3791 3839 3670 3871 3669 3994 3742 4067 1601 
435 232 448 701 583 1586 635 83 899 2837 1131 2127 1771 3058 1908 110 2100 1143 2229 2161 2244 3655 2403 1439 2722 2191 3047 606 3271 3603 3363 1780 3642 3165 3871 3786 4113 3349 4157 619 
















133 1580 150 3728 179 508 257 795 343 671 345 1912 443 790 476 839 482 848 484 2699 492 2783 493 855 501 864 512 875 522 819 559 2062 574 954 578 962 641 946 672 3791 805 3609 1276 3672 1484 3082 1494 429 1503 1764 1517 1765 1582 1582 1606 512 1632 1044 1691 1783 1717 3080 1733 674 1750 691 1770 1959 1772 718 1797 1996 1813 2012 1814 2013 1823 2022 1824 2023 1836 2039 1838 2574 1874 2059 1880 2815 1881 2816 1891 2065 1924 473 1935 2095 1983 1072 1990 2408 1999 2049 2184 2886 2208 2275 2321 2415 2561 2524 2569 1616 2578 2652 2581 295 2643 1916 2653 2745 2654 2746 2659 2748 2681 2774 2683 2772 2686 3225 2691 2782 2700 3288 2703 2798 2726 1316 2866 3344 2867 3345 3010 1469 3153 3202 3156 3206 3188 1701 3220 3537 3225 3252 3227 3254 3228 3255 3232 3259 3241 3273 3245 3268 3246 3269 3252 3275 3257 3226 3270 3601 3276 2819 3286 3607 3384 3369 3434 3692 3545 3744 3548 3486 3551 3540 3556 3199 3557 3491 3562 3496 3587 3817 3593 3532 3594 3531 3595 3533 3598 3792 3602 3538 3614 3836 3615 3592 3622 3840 3627 3606 3642 3292 3675 3848 3677 3851 3774 3702 3878 3547 3880 3801 3881 3803 3882 3804 3884 3765 3893 3958 3902 3794 3911 3827 3912 3828 3914 3988 3916 3829 3917 3830 3918 3832 3921 3981 3924 3839 3926 3994 3930 3986 3931 3847 3933 3610 3959 4014 3980 4021 3981 4010 3994 3888 4002 3898 4027 3724 4051 3972 4052 3973 4054 3974 4069 3985 4070 3984 4071 4070 4072 4071 4073 3968 4078 3990 4082 4066 4083 3995 4102 4087 4107 4089 4114 4005 4119 4013 4165 4063 4169 4065 4180 4088 4181 4001 4183 4075 4184 4081 4224 4138 4231 4092 4232 4164 4257 4140 4268 4180 4269 4181 4270 4182 4291 4201 4306 4212 4318 4178 
46 128 63 139 105 168 282 390 328 408 329 409 378 441 473 2792 484 2046 488 702 590 2972 641 742 771 811 1266 1291 1486 688 1582 1788 1606 277 1712 1941 1769 488 1837 2890 1872 631 1926 2940 2019 1167 2072 903 2135 2338 2495 1673 2524 2703 2574 1810 2656 2826 2668 1998 2669 1999 2715 3492 2941 3332 2998 2446 3200 3818 3219 3403 3227 3420 3228 3421 3232 3419 3236 3865 3253 3431 3254 3432 3318 3277 3350 987 3436 3617 3511 4261 3548 3341 3555 3791 3557 3787 3565 4095 3593 3826 3594 3827 3595 3834 3596 3835 3598 3833 3599 3837 3602 3840 3620 3450 3625 3455 3691 3930 3727 4206 3870 3774 3879 3799 3884 4096 3901 4294 3902 4110 3903 4111 3911 4123 3912 4124 3914 4125 3916 3848 3918 3847 3981 4201 3992 3950 4069 4120 4070 4121 4071 4297 4072 4298 4125 4199 4137 4406 4205 4341 4207 4224 4223 4424 4250 4368 4257 4425 4258 4426 
57 175 66 184 67 190 80 205 98 223 429 424 599 3019 708 187 1063 2632 1482 1713 1501 139 1559 1850 1595 987 1852 2965 1873 354 2500 960 2534 2908 2574 1857 3219 3036 3363 2014 3902 4361 
176 1724 179 1695 199 1712 296 566 443 526 472 422 473 423 482 579 493 1952 501 590 559 1981 573 653 638 813 652 928 695 845 702 2187 704 864 710 897 731 615 736 929 950 2334 1302 2870 1482 3355 1627 1586 1652 1755 1709 2715 1749 1738 1769 1856 1770 1857 1800 1903 1806 2685 1814 1942 1823 1946 1824 1947 1825 2057 1833 1956 1841 2747 1867 1987 1868 1986 1874 637 1880 1990 1881 1991 1888 2023 1891 2770 1917 2734 1961 2095 1962 2096 1969 2850 1982 3391 2005 2176 2013 2890 2015 2162 2059 1050 2072 2230 2135 2193 2150 2358 2349 1017 2561 2664 2567 3674 2569 3259 2570 3260 2578 3652 2649 2713 2659 2722 2683 2740 2691 2748 2700 2760 2703 2749 2708 2019 2717 3331 2720 3308 2739 3374 2781 3342 3156 3667 3214 403 3227 3291 3228 3292 3232 3298 3241 3306 3252 3310 3286 3326 3294 3754 3298 3399 3336 3472 3383 3564 3416 3829 3545 3941 3552 3648 3556 3650 3562 3955 3565 3939 3573 3947 3593 3707 3594 3706 3595 3313 3596 3314 3602 3715 3607 3728 3618 4142 3622 3716 3627 4148 3634 3997 3642 3971 3648 3979 3657 3770 3670 3790 3680 3443 3787 1301 3876 4117 3878 4115 3879 4122 3880 3932 3881 4127 3882 4128 3884 3959 3891 4130 3892 3235 3902 3982 3904 3983 3906 3988 3911 3961 3912 3962 3914 3964 3916 3960 3923 4001 3924 3976 3932 4155 3943 4175 3964 4189 4049 4118 4051 4124 4054 4125 4056 4136 4069 4138 4070 4135 4071 4140 4072 4139 4082 4159 4083 4147 4084 4240 4087 4248 4098 4173 4102 4181 4106 4264 4165 4247 4176 4242 4177 4246 4223 4300 4224 4339 4227 4313 4281 4370 4291 4361 4306 4386 4307 4371 

















203 614 732 710 918 628 959 174 1014 1016 1485 2432 1579 1785 1582 1788 1802 287 1910 1896 1941 604 1959 489 1961 1974 1975 1999 1991 3277 2047 2073 2346 330 2490 3278 2614 2676 2653 2823 2662 2735 2697 2046 2702 586 2758 1998 2842 1721 3173 3288 3198 109 3200 3790 3230 2792 3234 672 3254 3420 3255 3421 3259 3419 3280 3431 3512 3285 3513 3747 3531 3827 3532 3826 3538 3840 3720 2203 3792 3833 3794 4110 3802 4095 3827 4123 3828 4124 3829 3848 3832 3847 3835 3432 3965 4111 3971 4284 3984 4121 3985 4120 3988 4125 4070 4297 4071 4298 4140 4425 4147 4326 
188 927 333 22 348 38 1164 1713 1242 3318 1316 3460 1510 186 1512 415 1515 187 1702 1743 1758 140 1760 139 1802 329 1805 987 1839 332 2026 3671 2854 3520 3173 3534 3482 4336 3510 3980 3511 3981 3512 3532 3513 3982 3568 743 3725 1718 
118 1283 508 1695 739 3261 790 526 797 1919 798 1920 848 579 855 1952 864 590 874 596 921 626 924 2742 926 603 944 646 1008 759 1095 545 1098 2999 1134 2145 1163 1694 1234 2270 1279 3006 1725 486 1802 701 1959 1857 1961 1884 1962 1885 2022 1946 2023 1947 2024 625 2058 636 2059 637 2061 619 2062 1981 2120 2836 2524 2664 2650 3650 2653 2771 2697 2057 2735 2710 2738 3262 2744 2750 2748 2722 2750 1875 2782 2748 3112 3674 3171 1202 3254 3291 3255 3292 3258 3297 3259 3298 3263 3952 3273 3306 3292 3971 3297 3980 3496 3955 3531 3706 3532 3707 3546 3721 3559 3947 3607 3326 3721 778 3765 3959 3794 3982 3797 4119 3798 3988 3803 4127 3804 4128 3809 3948 3827 3961 3828 3962 3829 3960 3840 3716 3972 4124 3984 4135 3985 4138 3988 3964 3989 3965 3992 4134 4003 4307 4087 4181 4091 2161 4212 4386 


















1 9 37 48 44 63 49 1766 119 180 196 987 469 2113 540 2130 596 2210 600 2202 711 933 712 2297 812 1553 1686 2855 1710 1769 1711 1756 1762 1803 1788 1844 1836 936 1915 455 1916 456 2067 1329 2071 2965 2085 2225 2095 735 2169 2226 2172 838 2321 1157 2361 1187 2679 3983 2685 3531 2699 2892 2718 2911 2840 4397 2861 3714 2863 2128 3013 3797 3106 2508 3270 415 3277 3520 3285 3532 3288 3534 3327 4028 3403 3036 3472 3751 3474 3753 3484 4405 3747 3982 3753 3984 3763 304 3784 3941 3796 3604 3809 3626 3827 4069 3834 4354 3835 4355 3837 4357 3840 4078 3842 4082 3855 4386 3866 4121 3889 3729 3892 4138 3897 3744 3920 4166 4098 4515 4110 4361 4114 4365 4115 4642 4135 4107 4139 4115 4142 4120 4155 4143 4160 3747 4177 4413 4186 4168 4294 4528 4341 4430 4438 4665 
33 4173 195 625 369 42 469 1757 487 1875 488 1856 489 1857 672 422 702 434 742 2047 763 1849 798 552 828 548 950 2837 969 714 1170 3058 1271 883 1984 1864 1991 1869 1998 1919 1999 1920 2046 2057 2097 2019 2141 1833 2203 2127 2338 2193 2614 1537 2794 161 2823 2771 2837 2722 2890 2705 2961 262 3150 3095 3273 2544 3419 3298 3420 3291 3421 3292 3432 3316 3796 3955 3820 3168 3823 3625 3826 3707 3827 3706 3833 3978 3848 3960 4096 3959 4110 3982 4113 3988 4115 3983 4120 4138 4121 4135 4123 3961 4124 3962 4125 3964 4160 4175 4297 4140 4298 4139 4390 3918 







































