20
0 0 26 60 0 17 19 27 20 28 300 30 22 0 22 16 0 17 0 31 
0 0 18 0 167 0 43 0 32 0 0 0 0 115 0 0 0 0 46 0 
0 0 0 0 0 0 17 166 17 21 18 20 175 0 58 0 0 0 0 0 
0 0 0 0 0 0 16 0 17 43 141 31 0 0 0 41 35 19 0 119 
0 0 0 0 0 0 20 0 19 17 0 0 0 199 0 0 0 16 45 0 
0 0 0 0 0 0 0 0 29 32 0 33 0 0 0 102 48 92 0 51 
0 0 0 0 0 0 0 0 113 0 0 0 0 35 0 16 16 65 82 23 
0 0 0 0 0 0 0 0 20 20 16 0 92 0 37 0 18 0 0 20 
0 0 0 0 0 0 0 0 0 17 0 19 0 62 16 35 25 194 314 20 
0 0 0 0 0 0 0 0 0 0 36 206 27 0 87 28 44 23 0 31 
0 0 0 0 0 0 0 0 0 0 0 31 27 0 18 23 26 0 0 38 
0 0 0 0 0 0 0 0 0 0 0 0 24 0 37 50 58 28 0 39 
0 0 0 0 0 0 0 0 0 0 0 0 0 0 102 0 17 22 0 0 
0 0 0 0 0 0 0 0 0 0 0 0 0 0 0 16 0 20 149 0 
0 0 0 0 0 0 0 0 0 0 0 0 0 0 0 20 21 0 0 20 
0 0 0 0 0 0 0 0 0 0 0 0 0 0 0 0 166 86 21 154 
0 0 0 0 0 0 0 0 0 0 0 0 0 0 0 0 0 57 25 82 
0 0 0 0 0 0 0 0 0 0 0 0 0 0 0 0 0 0 79 58 
0 0 0 0 0 0 0 0 0 0 0 0 0 0 0 0 0 0 0 0 
0 0 0 0 0 0 0 0 0 0 0 0 0 0 0 0 0 0 0 0 
