20
0 0 0 43 0 0 0 0 0 0 274 0 0 0 0 0 0 0 0 0 
0 0 0 0 139 0 27 0 16 0 0 0 0 103 0 0 0 0 35 0 
0 0 0 0 0 0 0 144 0 0 0 0 153 0 34 0 0 0 0 0 
0 0 0 0 0 0 0 0 0 22 122 20 0 0 0 27 21 0 0 94 
0 0 0 0 0 0 0 0 0 0 0 0 0 179 0 0 0 0 29 0 
0 0 0 0 0 0 0 0 0 0 0 0 0 0 0 89 35 81 0 31 
0 0 0 0 0 0 0 0 98 0 0 0 0 25 0 0 0 54 69 0 
0 0 0 0 0 0 0 0 0 0 0 0 72 0 16 0 0 0 0 0 
0 0 0 0 0 0 0 0 0 0 0 0 0 51 0 18 16 170 298 16 
0 0 0 0 0 0 0 0 0 0 18 180 0 0 61 16 29 0 0 0 
0 0 0 0 0 0 0 0 0 0 0 0 0 0 0 0 0 0 0 21 
0 0 0 0 0 0 0 0 0 0 0 0 0 0 27 34 45 19 0 26 
0 0 0 0 0 0 0 0 0 0 0 0 0 0 91 0 0 0 0 0 
0 0 0 0 0 0 0 0 0 0 0 0 0 0 0 0 0 0 131 0 
0 0 0 0 0 0 0 0 0 0 0 0 0 0 0 0 0 0 0 0 
0 0 0 0 0 0 0 0 0 0 0 0 0 0 0 0 136 66 0 135 
0 0 0 0 0 0 0 0 0 0 0 0 0 0 0 0 0 36 0 67 
0 0 0 0 0 0 0 0 0 0 0 0 0 0 0 0 0 0 62 43 
0 0 0 0 0 0 0 0 0 0 0 0 0 0 0 0 0 0 0 0 
0 0 0 0 0 0 0 0 0 0 0 0 0 0 0 0 0 0 0 0 
