0 3 0.65116
0 10 0.70803
1 4 0.43165
1 6 0.62963
1 8 0.62500
1 13 0.47573
1 18 0.48571
2 7 0.77778
2 12 0.66013
2 14 0.61765
3 9 0.54545
3 10 0.48361
3 11 0.70000
3 15 0.62963
3 16 0.61905
3 19 0.47872
4 13 0.57542
4 18 0.68966
5 15 0.56180
5 16 0.85714
5 17 0.67901
5 19 0.70968
6 8 0.58163
6 13 0.60000
6 17 0.59259
6 18 0.52174
7 12 0.80556
7 14 0.00000
8 13 0.64706
8 15 0.55556
8 16 0.00000
8 17 0.51765
8 18 0.60738
8 19 0.00000
9 10 0.00000
9 11 0.55000
9 14 0.37705
9 15 0.68750
9 16 0.48276
10 19 0.61905
11 14 0.40741
11 15 0.67647
11 16 0.64444
11 17 0.68421
11 19 0.57692
12 14 0.60440
13 18 0.60305
15 16 0.61765
15 17 0.43939
15 19 0.61481
16 17 0.58333
16 19 0.61194
17 18 0.59677
17 19 0.55814
