VISDATA
19
0 18 1 2 3 4 5 6 7 8 9 10 11 12 13 14 15 16 17 18
1 18 0 2 3 4 5 6 7 8 9 10 11 12 13 14 15 16 17 18
2 10 0 1 3 7 8 9 10 14 16 18
3 17 0 1 2 4 5 6 7 8 9 10 11 12 13 14 16 17 18
4 16 0 1 3 5 6 7 8 9 11 12 13 14 15 16 17 18
5 17 0 1 3 4 6 7 8 9 10 11 12 13 14 15 16 17 18
6 16 0 1 3 4 5 7 8 9 11 12 13 14 15 16 17 18
7 18 0 1 2 3 4 5 6 8 9 10 11 12 13 14 15 16 17 18
8 18 0 1 2 3 4 5 6 7 9 10 11 12 13 14 15 16 17 18
9 18 0 1 2 3 4 5 6 7 8 10 11 12 13 14 15 16 17 18
10 13 0 1 2 3 5 7 8 9 11 12 14 16 18
11 17 0 1 3 4 5 6 7 8 9 10 12 13 14 15 16 17 18
12 17 0 1 3 4 5 6 7 8 9 10 11 13 14 15 16 17 18
13 16 0 1 3 4 5 6 7 8 9 11 12 14 15 16 17 18
14 17 0 1 2 3 4 5 6 7 8 9 10 11 12 13 16 17 18
15 13 0 1 4 5 6 7 8 9 11 12 13 16 17
16 18 0 1 2 3 4 5 6 7 8 9 10 11 12 13 14 15 17 18
17 16 0 1 3 4 5 6 7 8 9 11 12 13 14 15 16 18
18 17 0 1 2 3 4 5 6 7 8 9 10 11 12 13 14 16 17
